# Force and moment coefficients
# dragDir     : (1.000000e+00 0.000000e+00 0.000000e+00)
# sideDir     : (0.000000e+00 1.000000e+00 0.000000e+00)
# liftDir     : (0.000000e+00 0.000000e+00 1.000000e+00)
# rollAxis    : (1.000000e+00 0.000000e+00 0.000000e+00)
# pitchAxis   : (0.000000e+00 1.000000e+00 0.000000e+00)
# yawAxis     : (0.000000e+00 0.000000e+00 1.000000e+00)
# magUInf     : 2.000000e+01
# lRef        : 1.420000e+00
# Aref        : 7.500000e-01
# CofR        : (7.200000e-01 0.000000e+00 0.000000e+00)
#
# Time        	Cd            	Cd(f)         	Cd(r)         	Cl            	Cl(f)         	Cl(r)         	CmPitch       	CmRoll        	CmYaw         	Cs            	Cs(f)         	Cs(r)         
1             	1.887249e+01	9.453923e+00	9.418565e+00	-2.371841e+00	3.095421e+00	-5.467263e+00	4.281342e+00	1.767922e-02	1.919393e-01	1.211750e-01	2.525268e-01	-1.313518e-01
2             	8.474801e+00	4.194532e+00	4.280269e+00	-2.625408e+00	1.142064e+00	-3.767472e+00	2.454768e+00	-4.286863e-02	-5.255496e-03	-1.859642e-02	-1.455370e-02	-4.042712e-03
3             	6.198410e+00	3.053684e+00	3.144727e+00	-2.088507e+00	4.715065e-01	-2.560014e+00	1.515760e+00	-4.552150e-02	1.463864e-01	1.452515e-01	2.190122e-01	-7.376066e-02
4             	2.953648e+00	1.454314e+00	1.499334e+00	-1.971714e+00	5.681344e-02	-2.028528e+00	1.042671e+00	-2.251034e-02	-2.553409e-03	-1.239630e-02	-8.751557e-03	-3.644739e-03
5             	1.713009e+00	8.235357e-01	8.894735e-01	-1.734510e+00	-1.011878e-01	-1.633322e+00	7.660670e-01	-3.296890e-02	1.986856e-02	7.809936e-04	2.025906e-02	-1.947806e-02
6             	1.176346e+00	5.587701e-01	6.175756e-01	-1.577544e+00	-1.470893e-01	-1.430455e+00	6.416829e-01	-2.940276e-02	7.137237e-03	-1.167284e-02	1.300818e-03	-1.297366e-02
7             	9.987126e-01	4.666179e-01	5.320947e-01	-1.381196e+00	-1.352840e-01	-1.245912e+00	5.553139e-01	-3.273843e-02	-8.371937e-03	-6.877734e-03	-1.181080e-02	4.933070e-03
8             	9.223623e-01	4.297053e-01	4.926570e-01	-1.168700e+00	-1.194620e-01	-1.049238e+00	4.648880e-01	-3.147582e-02	5.637109e-03	1.477842e-03	6.376031e-03	-4.898188e-03
9             	7.835742e-01	3.613401e-01	4.222342e-01	-9.477998e-01	-1.085845e-01	-8.392153e-01	3.653154e-01	-3.044704e-02	-2.544091e-02	-1.516392e-02	-3.302287e-02	1.785895e-02
10            	8.234305e-01	3.744758e-01	4.489548e-01	-7.677722e-01	-7.856176e-02	-6.892104e-01	3.053243e-01	-3.723950e-02	7.639222e-03	2.665313e-02	2.096578e-02	5.687341e-03
11            	7.625111e-01	3.461724e-01	4.163387e-01	-6.028264e-01	-7.711367e-02	-5.257128e-01	2.242996e-01	-3.508319e-02	-1.982658e-04	1.497816e-02	7.290815e-03	7.687346e-03
12            	7.086356e-01	3.275129e-01	3.811226e-01	-4.900272e-01	-9.736989e-02	-3.926573e-01	1.476437e-01	-2.680484e-02	-1.541212e-02	1.014956e-02	-1.033734e-02	2.048690e-02
13            	7.036372e-01	3.288417e-01	3.747954e-01	-3.845878e-01	-1.072654e-01	-2.773224e-01	8.502847e-02	-2.297685e-02	-1.047597e-02	3.703845e-03	-8.624052e-03	1.232790e-02
14            	6.899249e-01	3.243224e-01	3.656025e-01	-2.947306e-01	-1.140765e-01	-1.806541e-01	3.328883e-02	-2.064006e-02	-1.070853e-02	1.889053e-03	-9.764003e-03	1.165306e-02
15            	6.824764e-01	3.236673e-01	3.588091e-01	-2.341266e-01	-1.223761e-01	-1.117504e-01	-5.312837e-03	-1.757088e-02	-7.581604e-03	4.825748e-03	-5.168730e-03	9.994478e-03
16            	6.777582e-01	3.227409e-01	3.550172e-01	-1.909501e-01	-1.251445e-01	-6.580567e-02	-2.966939e-02	-1.613815e-02	-4.938951e-04	8.337514e-03	3.674862e-03	4.662652e-03
17            	6.601214e-01	3.153301e-01	3.447914e-01	-1.661114e-01	-1.321677e-01	-3.394369e-02	-4.911203e-02	-1.473066e-02	6.569507e-04	5.736503e-03	3.525202e-03	2.211301e-03
18            	6.446010e-01	3.074837e-01	3.371173e-01	-1.477745e-01	-1.351704e-01	-1.260406e-02	-6.128318e-02	-1.481683e-02	3.212233e-03	6.197571e-03	6.311019e-03	-1.134479e-04
19            	6.288948e-01	2.984355e-01	3.304593e-01	-1.430992e-01	-1.379531e-01	-5.146063e-03	-6.640353e-02	-1.601190e-02	8.191196e-03	9.001143e-03	1.269177e-02	-3.690625e-03
20            	6.192566e-01	2.912328e-01	3.280238e-01	-1.499112e-01	-1.391110e-01	-1.080020e-02	-6.415538e-02	-1.839554e-02	1.239519e-02	1.251834e-02	1.865436e-02	-6.136024e-03
21            	6.112633e-01	2.836461e-01	3.276172e-01	-1.653426e-01	-1.377511e-01	-2.759150e-02	-5.507980e-02	-2.198554e-02	1.511490e-02	1.472061e-02	2.247520e-02	-7.754595e-03
22            	6.078453e-01	2.793203e-01	3.285251e-01	-1.855758e-01	-1.365607e-01	-4.901509e-02	-4.377282e-02	-2.460239e-02	1.774464e-02	1.796463e-02	2.672695e-02	-8.762328e-03
23            	6.030462e-01	2.753310e-01	3.277152e-01	-2.049690e-01	-1.317358e-01	-7.323321e-02	-2.925128e-02	-2.619211e-02	1.899592e-02	1.872038e-02	2.835611e-02	-9.635732e-03
24            	6.044212e-01	2.751139e-01	3.293074e-01	-2.226139e-01	-1.240019e-01	-9.861203e-02	-1.269493e-02	-2.709676e-02	2.157953e-02	1.720236e-02	3.018071e-02	-1.297835e-02
25            	6.047090e-01	2.742778e-01	3.304312e-01	-2.365052e-01	-1.146101e-01	-1.218951e-01	3.642524e-03	-2.807672e-02	2.146927e-02	1.523985e-02	2.908919e-02	-1.384934e-02
26            	6.079816e-01	2.755736e-01	3.324080e-01	-2.454209e-01	-1.074948e-01	-1.379261e-01	1.521566e-02	-2.841717e-02	2.084227e-02	1.088047e-02	2.628251e-02	-1.540204e-02
27            	6.128550e-01	2.774677e-01	3.353873e-01	-2.468296e-01	-1.022030e-01	-1.446266e-01	2.121177e-02	-2.895982e-02	1.912556e-02	7.144628e-03	2.269787e-02	-1.555324e-02
28            	6.181139e-01	2.790953e-01	3.390186e-01	-2.430562e-01	-9.892534e-02	-1.441309e-01	2.260278e-02	-2.996167e-02	1.869352e-02	5.256024e-03	2.132153e-02	-1.606550e-02
29            	6.230879e-01	2.799393e-01	3.431486e-01	-2.397706e-01	-9.652945e-02	-1.432411e-01	2.335584e-02	-3.160463e-02	1.903033e-02	6.316431e-03	2.218854e-02	-1.587211e-02
30            	6.264500e-01	2.797543e-01	3.466957e-01	-2.375691e-01	-9.344123e-02	-1.441278e-01	2.534331e-02	-3.347073e-02	2.028832e-02	7.933048e-03	2.425485e-02	-1.632180e-02
31            	6.267610e-01	2.782425e-01	3.485185e-01	-2.394457e-01	-9.213973e-02	-1.473060e-01	2.758312e-02	-3.513800e-02	2.038424e-02	9.472685e-03	2.512058e-02	-1.564790e-02
32            	6.265594e-01	2.768702e-01	3.496892e-01	-2.403699e-01	-8.801868e-02	-1.523513e-01	3.216629e-02	-3.640949e-02	2.033409e-02	9.727996e-03	2.519809e-02	-1.547009e-02
33            	6.252827e-01	2.754919e-01	3.497908e-01	-2.425893e-01	-8.672642e-02	-1.558629e-01	3.456825e-02	-3.714948e-02	1.927807e-02	9.024524e-03	2.379033e-02	-1.476580e-02
34            	6.252809e-01	2.750294e-01	3.502515e-01	-2.405738e-01	-8.391431e-02	-1.566595e-01	3.637258e-02	-3.761102e-02	1.837025e-02	7.297672e-03	2.201908e-02	-1.472141e-02
35            	6.244718e-01	2.744996e-01	3.499722e-01	-2.363743e-01	-8.344035e-02	-1.529339e-01	3.474679e-02	-3.773628e-02	1.677304e-02	4.827774e-03	1.918693e-02	-1.435915e-02
36            	6.230600e-01	2.738513e-01	3.492086e-01	-2.290361e-01	-8.288312e-02	-1.461530e-01	3.163494e-02	-3.767865e-02	1.528590e-02	2.106723e-03	1.633926e-02	-1.423254e-02
37            	6.210084e-01	2.729513e-01	3.480570e-01	-2.225948e-01	-8.377047e-02	-1.388243e-01	2.752692e-02	-3.755284e-02	1.398446e-02	-1.237371e-04	1.392259e-02	-1.404633e-02
38            	6.181459e-01	2.715890e-01	3.465569e-01	-2.171684e-01	-8.373302e-02	-1.334354e-01	2.485118e-02	-3.748393e-02	1.335306e-02	-1.437243e-03	1.263444e-02	-1.407168e-02
39            	6.140558e-01	2.696017e-01	3.444541e-01	-2.163106e-01	-8.407627e-02	-1.322343e-01	2.407903e-02	-3.742620e-02	1.318607e-02	-2.217918e-03	1.207711e-02	-1.429503e-02
40            	6.096930e-01	2.675347e-01	3.421583e-01	-2.184694e-01	-8.519481e-02	-1.332746e-01	2.403987e-02	-3.731176e-02	1.352067e-02	-2.956995e-03	1.204218e-02	-1.499917e-02
41            	6.061250e-01	2.660159e-01	3.401091e-01	-2.226046e-01	-8.845825e-02	-1.341464e-01	2.284407e-02	-3.704663e-02	1.397367e-02	-3.601825e-03	1.217276e-02	-1.577458e-02
42            	6.036724e-01	2.651439e-01	3.385286e-01	-2.270942e-01	-9.322730e-02	-1.338669e-01	2.031979e-02	-3.669236e-02	1.467920e-02	-4.158546e-03	1.259992e-02	-1.675847e-02
43            	6.013899e-01	2.644377e-01	3.369522e-01	-2.320574e-01	-9.966389e-02	-1.323935e-01	1.636482e-02	-3.625726e-02	1.515929e-02	-4.597782e-03	1.286040e-02	-1.745818e-02
44            	5.989613e-01	2.634796e-01	3.354817e-01	-2.359757e-01	-1.066049e-01	-1.293709e-01	1.138299e-02	-3.600103e-02	1.554193e-02	-4.857095e-03	1.311338e-02	-1.797047e-02
45            	5.966910e-01	2.622938e-01	3.343972e-01	-2.385201e-01	-1.131279e-01	-1.253921e-01	6.132104e-03	-3.605171e-02	1.583996e-02	-4.600403e-03	1.353976e-02	-1.814016e-02
46            	5.944887e-01	2.607099e-01	3.337788e-01	-2.399273e-01	-1.190724e-01	-1.208549e-01	8.912621e-04	-3.653446e-02	1.607474e-02	-3.796100e-03	1.417669e-02	-1.797279e-02
47            	5.922599e-01	2.587998e-01	3.334602e-01	-2.406216e-01	-1.240854e-01	-1.165362e-01	-3.774589e-03	-3.733019e-02	1.618456e-02	-2.567078e-03	1.490103e-02	-1.746810e-02
48            	5.905580e-01	2.569610e-01	3.335970e-01	-2.410990e-01	-1.284514e-01	-1.126476e-01	-7.901934e-03	-3.831803e-02	1.625706e-02	-1.116944e-03	1.569858e-02	-1.681553e-02
49            	5.884088e-01	2.548765e-01	3.335324e-01	-2.417793e-01	-1.320499e-01	-1.097293e-01	-1.116028e-02	-3.932794e-02	1.620877e-02	4.085787e-04	1.641306e-02	-1.600448e-02
50            	5.865849e-01	2.530398e-01	3.335451e-01	-2.430568e-01	-1.349881e-01	-1.080687e-01	-1.345967e-02	-4.025263e-02	1.622611e-02	1.859073e-03	1.715565e-02	-1.529658e-02
51            	5.847822e-01	2.513508e-01	3.334314e-01	-2.452795e-01	-1.371887e-01	-1.080908e-01	-1.454892e-02	-4.104029e-02	1.619812e-02	3.052205e-03	1.772423e-02	-1.467202e-02
52            	5.836856e-01	2.502066e-01	3.334791e-01	-2.484846e-01	-1.387748e-01	-1.097097e-01	-1.453255e-02	-4.163625e-02	1.594828e-02	3.768454e-03	1.783251e-02	-1.406406e-02
53            	5.831379e-01	2.495252e-01	3.336127e-01	-2.530280e-01	-1.396168e-01	-1.134113e-01	-1.310276e-02	-4.204375e-02	1.541557e-02	3.880640e-03	1.735589e-02	-1.347525e-02
54            	5.834914e-01	2.493799e-01	3.341115e-01	-2.589639e-01	-1.396091e-01	-1.193547e-01	-1.012720e-02	-4.236578e-02	1.476058e-02	3.741883e-03	1.663152e-02	-1.288964e-02
55            	5.845652e-01	2.496543e-01	3.349109e-01	-2.663396e-01	-1.387038e-01	-1.276358e-01	-5.533994e-03	-4.262828e-02	1.402604e-02	3.300809e-03	1.567644e-02	-1.237564e-02
56            	5.865649e-01	2.503579e-01	3.362070e-01	-2.745342e-01	-1.369587e-01	-1.375755e-01	3.084082e-04	-4.292453e-02	1.342059e-02	2.857133e-03	1.484916e-02	-1.199203e-02
57            	5.891244e-01	2.513433e-01	3.377810e-01	-2.832081e-01	-1.345840e-01	-1.486242e-01	7.020104e-03	-4.321885e-02	1.274074e-02	2.106949e-03	1.379421e-02	-1.168726e-02
58            	5.923838e-01	2.526424e-01	3.397414e-01	-2.918552e-01	-1.316803e-01	-1.601749e-01	1.424728e-02	-4.354952e-02	1.207990e-02	1.323064e-03	1.274143e-02	-1.141836e-02
59            	5.959022e-01	2.540450e-01	3.418572e-01	-3.000355e-01	-1.286252e-01	-1.714103e-01	2.139252e-02	-4.390612e-02	1.136790e-02	3.977104e-04	1.156675e-02	-1.116904e-02
60            	5.995581e-01	2.554873e-01	3.440708e-01	-3.072929e-01	-1.257952e-01	-1.814977e-01	2.785126e-02	-4.429174e-02	1.056957e-02	-5.505966e-04	1.029427e-02	-1.084487e-02
61            	6.029763e-01	2.568365e-01	3.461398e-01	-3.130639e-01	-1.235568e-01	-1.895071e-01	3.297518e-02	-4.465168e-02	9.526262e-03	-1.821119e-03	8.615703e-03	-1.043682e-02
62            	6.057308e-01	2.578861e-01	3.478448e-01	-3.170923e-01	-1.220966e-01	-1.949957e-01	3.644954e-02	-4.497936e-02	8.215843e-03	-3.432026e-03	6.499830e-03	-9.931856e-03
63            	6.076091e-01	2.585487e-01	3.490604e-01	-3.195067e-01	-1.213710e-01	-1.981357e-01	3.838237e-02	-4.525587e-02	6.766216e-03	-5.361078e-03	4.085677e-03	-9.446755e-03
64            	6.087402e-01	2.588619e-01	3.498782e-01	-3.205097e-01	-1.213184e-01	-1.991913e-01	3.893644e-02	-4.550816e-02	5.157981e-03	-7.565066e-03	1.375447e-03	-8.940514e-03
65            	6.092430e-01	2.588801e-01	3.503629e-01	-3.205564e-01	-1.218960e-01	-1.986604e-01	3.838217e-02	-4.574138e-02	3.605633e-03	-9.930358e-03	-1.359546e-03	-8.570812e-03
66            	6.092596e-01	2.586442e-01	3.506154e-01	-3.196044e-01	-1.231374e-01	-1.964671e-01	3.666486e-02	-4.598559e-02	2.221461e-03	-1.230265e-02	-3.929866e-03	-8.372788e-03
67            	6.089600e-01	2.582694e-01	3.506905e-01	-3.177814e-01	-1.248792e-01	-1.929022e-01	3.401147e-02	-4.621054e-02	1.122844e-03	-1.462414e-02	-6.189226e-03	-8.434914e-03
68            	6.082516e-01	2.577157e-01	3.505359e-01	-3.151694e-01	-1.271729e-01	-1.879965e-01	3.041180e-02	-4.641012e-02	3.645590e-04	-1.682093e-02	-8.045908e-03	-8.775026e-03
69            	6.072253e-01	2.569992e-01	3.502261e-01	-3.117520e-01	-1.298964e-01	-1.818556e-01	2.597959e-02	-4.661350e-02	-4.784696e-05	-1.881436e-02	-9.455025e-03	-9.359332e-03
70            	6.060071e-01	2.561819e-01	3.498252e-01	-3.078772e-01	-1.329004e-01	-1.749768e-01	2.103818e-02	-4.682167e-02	-1.596788e-04	-2.063260e-02	-1.047598e-02	-1.015662e-02
71            	6.045574e-01	2.552521e-01	3.493053e-01	-3.038111e-01	-1.361208e-01	-1.676903e-01	1.578477e-02	-4.702660e-02	6.664042e-05	-2.217979e-02	-1.102325e-02	-1.115653e-02
72            	6.028983e-01	2.542401e-01	3.486582e-01	-2.995285e-01	-1.394596e-01	-1.600690e-01	1.030471e-02	-4.720909e-02	5.325671e-04	-2.344828e-02	-1.119157e-02	-1.225671e-02
73            	6.011657e-01	2.532236e-01	3.479421e-01	-2.953004e-01	-1.429047e-01	-1.523957e-01	4.745477e-03	-4.735927e-02	1.216259e-03	-2.442000e-02	-1.099374e-02	-1.342626e-02
74            	5.992858e-01	2.521739e-01	3.471118e-01	-2.910365e-01	-1.463689e-01	-1.446677e-01	-8.505784e-04	-4.746894e-02	2.057899e-03	-2.507375e-02	-1.047898e-02	-1.459477e-02
75            	5.972341e-01	2.510550e-01	3.461791e-01	-2.865573e-01	-1.497205e-01	-1.368368e-01	-6.441853e-03	-4.756203e-02	2.968993e-03	-2.541391e-02	-9.737963e-03	-1.567595e-02
76            	5.952276e-01	2.499454e-01	3.452822e-01	-2.821392e-01	-1.526870e-01	-1.294521e-01	-1.161744e-02	-4.766841e-02	3.989970e-03	-2.524739e-02	-8.633726e-03	-1.661366e-02
77            	5.936914e-01	2.490531e-01	3.446383e-01	-2.782791e-01	-1.552400e-01	-1.230392e-01	-1.610039e-02	-4.779261e-02	5.030727e-03	-2.482104e-02	-7.379791e-03	-1.744125e-02
78            	5.923702e-01	2.482312e-01	3.441390e-01	-2.747425e-01	-1.573906e-01	-1.173519e-01	-2.001932e-02	-4.795393e-02	6.167650e-03	-2.401810e-02	-5.841398e-03	-1.817670e-02
79            	5.913207e-01	2.474842e-01	3.438364e-01	-2.718988e-01	-1.591392e-01	-1.127597e-01	-2.318975e-02	-4.817609e-02	7.383167e-03	-2.297687e-02	-4.105269e-03	-1.887160e-02
80            	5.904668e-01	2.467441e-01	3.437228e-01	-2.698617e-01	-1.603660e-01	-1.094958e-01	-2.543510e-02	-4.848936e-02	8.727119e-03	-2.160358e-02	-2.074672e-03	-1.952891e-02
81            	5.898897e-01	2.460394e-01	3.438503e-01	-2.689164e-01	-1.610432e-01	-1.078732e-01	-2.658496e-02	-4.890545e-02	1.026808e-02	-1.986306e-02	3.365504e-04	-2.019961e-02
82            	5.895819e-01	2.453684e-01	3.442135e-01	-2.690267e-01	-1.610827e-01	-1.079440e-01	-2.656934e-02	-4.942257e-02	1.188995e-02	-1.776532e-02	3.007295e-03	-2.077261e-02
83            	5.895143e-01	2.447256e-01	3.447887e-01	-2.701590e-01	-1.605170e-01	-1.096420e-01	-2.543748e-02	-5.003156e-02	1.351229e-02	-1.548213e-02	5.771222e-03	-2.125335e-02
84            	5.896333e-01	2.441239e-01	3.455094e-01	-2.719828e-01	-1.593271e-01	-1.126557e-01	-2.333573e-02	-5.069277e-02	1.496438e-02	-1.304659e-02	8.441086e-03	-2.148767e-02
85            	5.900452e-01	2.436731e-01	3.463721e-01	-2.743947e-01	-1.576141e-01	-1.167806e-01	-2.041676e-02	-5.134952e-02	1.614218e-02	-1.077060e-02	1.075688e-02	-2.152748e-02
86            	5.906818e-01	2.433694e-01	3.473124e-01	-2.771266e-01	-1.554545e-01	-1.216722e-01	-1.689113e-02	-5.197150e-02	1.693824e-02	-8.698924e-03	1.258878e-02	-2.128770e-02
87            	5.916353e-01	2.432749e-01	3.483604e-01	-2.799425e-01	-1.529873e-01	-1.269552e-01	-1.301602e-02	-5.254277e-02	1.739712e-02	-6.959955e-03	1.391714e-02	-2.087710e-02
88            	5.926932e-01	2.432860e-01	3.494073e-01	-2.826449e-01	-1.503702e-01	-1.322747e-01	-9.047742e-03	-5.306063e-02	1.752913e-02	-5.521653e-03	1.476830e-02	-2.028996e-02
89            	5.937503e-01	2.433564e-01	3.503939e-01	-2.851303e-01	-1.477590e-01	-1.373713e-01	-5.193831e-03	-5.351875e-02	1.751594e-02	-4.336054e-03	1.534791e-02	-1.968397e-02
90            	5.946312e-01	2.434052e-01	3.512261e-01	-2.871276e-01	-1.452944e-01	-1.418332e-01	-1.730621e-03	-5.391046e-02	1.738301e-02	-3.263727e-03	1.575114e-02	-1.901487e-02
91            	5.953412e-01	2.434249e-01	3.519163e-01	-2.885905e-01	-1.430707e-01	-1.455198e-01	1.224567e-03	-5.424570e-02	1.729578e-02	-2.195997e-03	1.619778e-02	-1.839377e-02
92            	5.957771e-01	2.433497e-01	3.524274e-01	-2.894734e-01	-1.410934e-01	-1.483800e-01	3.643300e-03	-5.453884e-02	1.726658e-02	-1.053787e-03	1.673968e-02	-1.779347e-02
93            	5.960324e-01	2.432283e-01	3.528041e-01	-2.899167e-01	-1.393741e-01	-1.505426e-01	5.584217e-03	-5.478791e-02	1.733746e-02	1.215907e-04	1.739825e-02	-1.727666e-02
94            	5.960939e-01	2.430670e-01	3.530269e-01	-2.898062e-01	-1.379080e-01	-1.518981e-01	6.995041e-03	-5.498000e-02	1.740607e-02	1.203339e-03	1.800774e-02	-1.680440e-02
95            	5.959934e-01	2.428682e-01	3.531252e-01	-2.893718e-01	-1.366903e-01	-1.526815e-01	7.995587e-03	-5.512847e-02	1.750087e-02	2.144119e-03	1.857293e-02	-1.642881e-02
96            	5.956722e-01	2.426117e-01	3.530605e-01	-2.885927e-01	-1.357318e-01	-1.528609e-01	8.564519e-03	-5.522441e-02	1.753271e-02	2.886155e-03	1.897579e-02	-1.608964e-02
97            	5.952152e-01	2.423257e-01	3.528895e-01	-2.875225e-01	-1.350329e-01	-1.524896e-01	8.728324e-03	-5.528192e-02	1.747960e-02	3.399657e-03	1.917943e-02	-1.577978e-02
98            	5.946296e-01	2.420023e-01	3.526272e-01	-2.861568e-01	-1.346048e-01	-1.515520e-01	8.473612e-03	-5.531244e-02	1.732949e-02	3.733957e-03	1.919647e-02	-1.546251e-02
99            	5.940346e-01	2.417179e-01	3.523167e-01	-2.846252e-01	-1.344479e-01	-1.501773e-01	7.864680e-03	-5.529941e-02	1.704654e-02	3.845370e-03	1.896923e-02	-1.512386e-02
100           	5.933934e-01	2.414536e-01	3.519398e-01	-2.829444e-01	-1.345996e-01	-1.483448e-01	6.872563e-03	-5.524306e-02	1.660042e-02	3.689173e-03	1.844501e-02	-1.475584e-02
101           	5.928354e-01	2.412807e-01	3.515546e-01	-2.812202e-01	-1.350414e-01	-1.461788e-01	5.568718e-03	-5.513697e-02	1.602430e-02	3.262691e-03	1.765564e-02	-1.439295e-02
102           	5.923833e-01	2.412088e-01	3.511745e-01	-2.795622e-01	-1.357675e-01	-1.437948e-01	4.013651e-03	-5.498284e-02	1.533997e-02	2.615101e-03	1.664752e-02	-1.403242e-02
103           	5.921203e-01	2.412535e-01	3.508669e-01	-2.782264e-01	-1.367753e-01	-1.414511e-01	2.337894e-03	-5.480672e-02	1.464462e-02	1.791441e-03	1.554034e-02	-1.374889e-02
104           	5.919829e-01	2.413800e-01	3.506028e-01	-2.771077e-01	-1.379984e-01	-1.391093e-01	5.554607e-04	-5.461140e-02	1.395455e-02	8.560389e-04	1.438257e-02	-1.352653e-02
105           	5.919621e-01	2.415551e-01	3.504070e-01	-2.764021e-01	-1.394570e-01	-1.369451e-01	-1.255915e-03	-5.442594e-02	1.331858e-02	-1.291910e-04	1.325398e-02	-1.338317e-02
106           	5.919430e-01	2.417261e-01	3.502170e-01	-2.758607e-01	-1.409816e-01	-1.348791e-01	-3.051236e-03	-5.424546e-02	1.274492e-02	-1.073840e-03	1.220800e-02	-1.328184e-02
107           	5.920209e-01	2.419083e-01	3.501125e-01	-2.756730e-01	-1.425419e-01	-1.331311e-01	-4.705400e-03	-5.410209e-02	1.231912e-02	-1.900081e-03	1.136908e-02	-1.326916e-02
108           	5.920157e-01	2.420395e-01	3.499762e-01	-2.754288e-01	-1.438720e-01	-1.315568e-01	-6.157576e-03	-5.396839e-02	1.207745e-02	-2.531390e-03	1.081175e-02	-1.334314e-02
109           	5.919637e-01	2.421302e-01	3.498335e-01	-2.751433e-01	-1.450014e-01	-1.301419e-01	-7.429764e-03	-5.385162e-02	1.193247e-02	-3.115738e-03	1.037460e-02	-1.349034e-02
110           	5.919800e-01	2.422546e-01	3.497255e-01	-2.745083e-01	-1.457972e-01	-1.287110e-01	-8.543098e-03	-5.373544e-02	1.185995e-02	-3.611032e-03	1.005443e-02	-1.366546e-02
111           	5.921336e-01	2.424115e-01	3.497221e-01	-2.738665e-01	-1.463705e-01	-1.274960e-01	-9.437245e-03	-5.365534e-02	1.185493e-02	-4.032472e-03	9.838699e-03	-1.387117e-02
112           	5.922190e-01	2.424742e-01	3.497448e-01	-2.733152e-01	-1.467690e-01	-1.265461e-01	-1.011144e-02	-5.363532e-02	1.195486e-02	-4.311982e-03	9.798866e-03	-1.411085e-02
113           	5.922929e-01	2.424665e-01	3.498263e-01	-2.730412e-01	-1.471136e-01	-1.259275e-01	-1.059306e-02	-5.367989e-02	1.214055e-02	-4.603693e-03	9.838706e-03	-1.444240e-02
114           	5.923443e-01	2.423796e-01	3.499646e-01	-2.731165e-01	-1.474024e-01	-1.257141e-01	-1.084419e-02	-5.379252e-02	1.243256e-02	-4.878987e-03	9.993070e-03	-1.487206e-02
115           	5.924757e-01	2.422633e-01	3.502124e-01	-2.736036e-01	-1.476986e-01	-1.259050e-01	-1.089683e-02	-5.397459e-02	1.281857e-02	-5.156206e-03	1.024047e-02	-1.539667e-02
116           	5.927499e-01	2.421554e-01	3.505945e-01	-2.745194e-01	-1.480872e-01	-1.264322e-01	-1.082751e-02	-5.421953e-02	1.322913e-02	-5.438945e-03	1.050966e-02	-1.594860e-02
117           	5.931758e-01	2.420486e-01	3.511271e-01	-2.758709e-01	-1.487036e-01	-1.271673e-01	-1.076815e-02	-5.453925e-02	1.366437e-02	-5.809450e-03	1.075964e-02	-1.656909e-02
118           	5.936575e-01	2.418989e-01	3.517586e-01	-2.775334e-01	-1.495827e-01	-1.279507e-01	-1.081598e-02	-5.492984e-02	1.410436e-02	-6.162878e-03	1.102293e-02	-1.718580e-02
119           	5.940472e-01	2.416499e-01	3.523974e-01	-2.794859e-01	-1.508212e-01	-1.286646e-01	-1.107829e-02	-5.537376e-02	1.456350e-02	-6.563375e-03	1.128181e-02	-1.784519e-02
120           	5.943683e-01	2.413601e-01	3.530082e-01	-2.815568e-01	-1.525215e-01	-1.290352e-01	-1.174316e-02	-5.582404e-02	1.491166e-02	-7.070515e-03	1.137640e-02	-1.844691e-02
121           	5.947113e-01	2.410747e-01	3.536366e-01	-2.838704e-01	-1.547235e-01	-1.291469e-01	-1.278831e-02	-5.628093e-02	1.514082e-02	-7.719817e-03	1.128091e-02	-1.900073e-02
122           	5.949526e-01	2.407507e-01	3.542018e-01	-2.862430e-01	-1.574077e-01	-1.288354e-01	-1.428615e-02	-5.672555e-02	1.528219e-02	-8.417327e-03	1.107353e-02	-1.949085e-02
123           	5.949782e-01	2.403447e-01	3.546335e-01	-2.887754e-01	-1.606165e-01	-1.281588e-01	-1.622883e-02	-5.714437e-02	1.537208e-02	-9.143747e-03	1.080021e-02	-1.994396e-02
124           	5.947415e-01	2.398597e-01	3.548819e-01	-2.912184e-01	-1.641462e-01	-1.270722e-01	-1.853704e-02	-5.751110e-02	1.543692e-02	-9.806518e-03	1.053366e-02	-2.034018e-02
125           	5.943135e-01	2.393231e-01	3.549904e-01	-2.936943e-01	-1.678460e-01	-1.258482e-01	-2.099889e-02	-5.783367e-02	1.548702e-02	-1.036438e-02	1.030483e-02	-2.066921e-02
126           	5.937350e-01	2.387631e-01	3.549719e-01	-2.959332e-01	-1.715012e-01	-1.244320e-01	-2.353460e-02	-5.810437e-02	1.554090e-02	-1.079225e-02	1.014477e-02	-2.093702e-02
127           	5.930151e-01	2.381424e-01	3.548727e-01	-2.982250e-01	-1.751562e-01	-1.230689e-01	-2.604365e-02	-5.836513e-02	1.558387e-02	-1.102459e-02	1.007158e-02	-2.109617e-02
128           	5.920952e-01	2.374559e-01	3.546392e-01	-3.003059e-01	-1.786161e-01	-1.216898e-01	-2.846312e-02	-5.859166e-02	1.561231e-02	-1.112111e-02	1.005176e-02	-2.117287e-02
129           	5.910038e-01	2.367474e-01	3.542564e-01	-3.021655e-01	-1.816761e-01	-1.204894e-01	-3.059331e-02	-5.875450e-02	1.569595e-02	-1.104731e-02	1.017229e-02	-2.121960e-02
130           	5.898405e-01	2.360796e-01	3.537609e-01	-3.035038e-01	-1.840838e-01	-1.194200e-01	-3.233190e-02	-5.884067e-02	1.581284e-02	-1.078432e-02	1.042068e-02	-2.120500e-02
131           	5.886874e-01	2.355075e-01	3.531800e-01	-3.045074e-01	-1.857613e-01	-1.187461e-01	-3.350764e-02	-5.883624e-02	1.598362e-02	-1.038036e-02	1.079344e-02	-2.117380e-02
132           	5.876535e-01	2.350433e-01	3.526101e-01	-3.052157e-01	-1.867575e-01	-1.184582e-01	-3.414966e-02	-5.878342e-02	1.625043e-02	-9.835687e-03	1.133259e-02	-2.116827e-02
133           	5.867956e-01	2.346590e-01	3.521366e-01	-3.059816e-01	-1.870935e-01	-1.188881e-01	-3.410273e-02	-5.873882e-02	1.661547e-02	-9.194244e-03	1.201834e-02	-2.121259e-02
134           	5.862203e-01	2.343780e-01	3.518423e-01	-3.067748e-01	-1.868510e-01	-1.199239e-01	-3.346355e-02	-5.873213e-02	1.700754e-02	-8.481585e-03	1.276675e-02	-2.124833e-02
135           	5.859541e-01	2.341980e-01	3.517561e-01	-3.078862e-01	-1.861095e-01	-1.217767e-01	-3.216636e-02	-5.877903e-02	1.733516e-02	-7.817000e-03	1.342666e-02	-2.124366e-02
136           	5.857984e-01	2.339888e-01	3.518096e-01	-3.090213e-01	-1.849188e-01	-1.241025e-01	-3.040815e-02	-5.891038e-02	1.760059e-02	-7.145868e-03	1.402765e-02	-2.117352e-02
137           	5.858004e-01	2.337736e-01	3.520268e-01	-3.101762e-01	-1.833060e-01	-1.268702e-01	-2.821793e-02	-5.912656e-02	1.784652e-02	-6.402786e-03	1.464513e-02	-2.104791e-02
138           	5.860983e-01	2.336138e-01	3.524844e-01	-3.113983e-01	-1.813363e-01	-1.300620e-01	-2.563714e-02	-5.943529e-02	1.798767e-02	-5.614374e-03	1.518048e-02	-2.079485e-02
139           	5.866580e-01	2.335124e-01	3.531456e-01	-3.129236e-01	-1.792243e-01	-1.336993e-01	-2.276254e-02	-5.981660e-02	1.795299e-02	-4.830367e-03	1.553781e-02	-2.036818e-02
140           	5.873837e-01	2.334196e-01	3.539642e-01	-3.145625e-01	-1.771671e-01	-1.373954e-01	-1.988585e-02	-6.027231e-02	1.776114e-02	-4.002959e-03	1.575966e-02	-1.976262e-02
141           	5.882205e-01	2.333297e-01	3.548909e-01	-3.163244e-01	-1.752538e-01	-1.410705e-01	-1.709166e-02	-6.078061e-02	1.746754e-02	-3.121337e-03	1.590687e-02	-1.902821e-02
142           	5.891989e-01	2.332623e-01	3.559366e-01	-3.182166e-01	-1.736234e-01	-1.445932e-01	-1.451509e-02	-6.133716e-02	1.709727e-02	-2.223705e-03	1.598542e-02	-1.820912e-02
143           	5.903467e-01	2.332359e-01	3.571108e-01	-3.204799e-01	-1.724367e-01	-1.480431e-01	-1.219680e-02	-6.193748e-02	1.672099e-02	-1.307535e-03	1.606722e-02	-1.737476e-02
144           	5.913556e-01	2.331293e-01	3.582263e-01	-3.228332e-01	-1.717499e-01	-1.510833e-01	-1.033331e-02	-6.254848e-02	1.635302e-02	-4.933091e-04	1.610637e-02	-1.659968e-02
145           	5.921118e-01	2.329071e-01	3.592048e-01	-3.251179e-01	-1.715804e-01	-1.535375e-01	-9.021435e-03	-6.314884e-02	1.603830e-02	2.780872e-04	1.617735e-02	-1.589926e-02
146           	5.925548e-01	2.325605e-01	3.599943e-01	-3.272869e-01	-1.717789e-01	-1.555080e-01	-8.135483e-03	-6.371688e-02	1.563422e-02	8.973202e-04	1.608288e-02	-1.518556e-02
147           	5.927459e-01	2.321450e-01	3.606008e-01	-3.293637e-01	-1.724083e-01	-1.569555e-01	-7.726380e-03	-6.422790e-02	1.514451e-02	1.334127e-03	1.581157e-02	-1.447745e-02
148           	5.927188e-01	2.316918e-01	3.610270e-01	-3.311126e-01	-1.732676e-01	-1.578450e-01	-7.711272e-03	-6.466757e-02	1.457751e-02	1.633885e-03	1.539446e-02	-1.376057e-02
149           	5.926348e-01	2.312483e-01	3.613865e-01	-3.325043e-01	-1.742624e-01	-1.582419e-01	-8.010245e-03	-6.506909e-02	1.401924e-02	1.848548e-03	1.494351e-02	-1.309496e-02
150           	5.925277e-01	2.308196e-01	3.617081e-01	-3.334108e-01	-1.752866e-01	-1.581242e-01	-8.581182e-03	-6.544424e-02	1.355428e-02	2.138495e-03	1.462353e-02	-1.248504e-02
151           	5.923840e-01	2.303686e-01	3.620154e-01	-3.339992e-01	-1.762872e-01	-1.577121e-01	-9.287564e-03	-6.582343e-02	1.328396e-02	2.562895e-03	1.456541e-02	-1.200251e-02
152           	5.921806e-01	2.298713e-01	3.623093e-01	-3.343305e-01	-1.772563e-01	-1.570742e-01	-1.009108e-02	-6.621902e-02	1.319036e-02	3.109327e-03	1.474503e-02	-1.163570e-02
153           	5.919720e-01	2.293508e-01	3.626212e-01	-3.346566e-01	-1.781739e-01	-1.564827e-01	-1.084561e-02	-6.663518e-02	1.321441e-02	3.659746e-03	1.504429e-02	-1.138454e-02
154           	5.916622e-01	2.287222e-01	3.629400e-01	-3.349421e-01	-1.789715e-01	-1.559706e-01	-1.150046e-02	-6.710886e-02	1.332250e-02	4.211267e-03	1.542813e-02	-1.121686e-02
155           	5.913102e-01	2.280131e-01	3.632971e-01	-3.352333e-01	-1.795513e-01	-1.556820e-01	-1.193463e-02	-6.764199e-02	1.345122e-02	4.729563e-03	1.581600e-02	-1.108644e-02
156           	5.909341e-01	2.272189e-01	3.637152e-01	-3.354380e-01	-1.798181e-01	-1.556199e-01	-1.209913e-02	-6.824816e-02	1.356348e-02	5.256306e-03	1.619163e-02	-1.093533e-02
157           	5.906449e-01	2.263897e-01	3.642552e-01	-3.357815e-01	-1.797407e-01	-1.560408e-01	-1.184999e-02	-6.893271e-02	1.364341e-02	5.806434e-03	1.654663e-02	-1.074019e-02
158           	5.904895e-01	2.255573e-01	3.649323e-01	-3.364267e-01	-1.794681e-01	-1.569586e-01	-1.125476e-02	-6.968750e-02	1.376908e-02	6.404856e-03	1.697151e-02	-1.056665e-02
159           	5.904158e-01	2.247526e-01	3.656632e-01	-3.373726e-01	-1.789957e-01	-1.583769e-01	-1.030940e-02	-7.045526e-02	1.390509e-02	6.989337e-03	1.739976e-02	-1.041042e-02
160           	5.903622e-01	2.239653e-01	3.663969e-01	-3.385650e-01	-1.783969e-01	-1.601681e-01	-9.114437e-03	-7.121577e-02	1.408496e-02	7.534253e-03	1.785209e-02	-1.031784e-02
161           	5.902929e-01	2.231849e-01	3.671081e-01	-3.399312e-01	-1.777263e-01	-1.622049e-01	-7.760682e-03	-7.196161e-02	1.424493e-02	7.983496e-03	1.823668e-02	-1.025318e-02
162           	5.901472e-01	2.223946e-01	3.677526e-01	-3.413135e-01	-1.769970e-01	-1.643165e-01	-6.340264e-03	-7.267902e-02	1.442820e-02	8.355120e-03	1.860576e-02	-1.025064e-02
163           	5.899337e-01	2.216261e-01	3.683076e-01	-3.424723e-01	-1.761702e-01	-1.663021e-01	-4.934012e-03	-7.334071e-02	1.462133e-02	8.627207e-03	1.893493e-02	-1.030772e-02
164           	5.897625e-01	2.209367e-01	3.688258e-01	-3.432434e-01	-1.751893e-01	-1.680541e-01	-3.567624e-03	-7.394458e-02	1.483703e-02	8.813278e-03	1.924367e-02	-1.043039e-02
165           	5.896876e-01	2.203591e-01	3.693284e-01	-3.436188e-01	-1.740770e-01	-1.695419e-01	-2.267558e-03	-7.448464e-02	1.503205e-02	8.848926e-03	1.945651e-02	-1.060759e-02
166           	5.897141e-01	2.199118e-01	3.698023e-01	-3.435219e-01	-1.728095e-01	-1.707124e-01	-1.048585e-03	-7.494526e-02	1.521051e-02	8.724176e-03	1.957260e-02	-1.084842e-02
167           	5.897932e-01	2.195893e-01	3.702039e-01	-3.431213e-01	-1.714684e-01	-1.716529e-01	9.224031e-05	-7.530727e-02	1.532478e-02	8.363135e-03	1.950635e-02	-1.114321e-02
168           	5.899195e-01	2.193820e-01	3.705375e-01	-3.425806e-01	-1.701798e-01	-1.724007e-01	1.110450e-03	-7.557779e-02	1.538567e-02	7.824565e-03	1.929795e-02	-1.147339e-02
169           	5.901214e-01	2.192989e-01	3.708226e-01	-3.419516e-01	-1.690774e-01	-1.728742e-01	1.898417e-03	-7.576185e-02	1.543513e-02	7.201515e-03	1.903589e-02	-1.183437e-02
170           	5.903549e-01	2.193229e-01	3.710320e-01	-3.413486e-01	-1.683421e-01	-1.730065e-01	2.332230e-03	-7.585457e-02	1.551607e-02	6.518922e-03	1.877554e-02	-1.225661e-02
171           	5.904733e-01	2.193881e-01	3.710853e-01	-3.410237e-01	-1.679884e-01	-1.730353e-01	2.523447e-03	-7.584859e-02	1.562225e-02	5.786070e-03	1.851529e-02	-1.272922e-02
172           	5.904483e-01	2.194329e-01	3.710154e-01	-3.410995e-01	-1.680289e-01	-1.730707e-01	2.520899e-03	-7.579123e-02	1.579443e-02	5.101364e-03	1.834511e-02	-1.324374e-02
173           	5.902852e-01	2.194487e-01	3.708365e-01	-3.417569e-01	-1.684808e-01	-1.732761e-01	2.397630e-03	-7.569387e-02	1.604356e-02	4.450200e-03	1.826866e-02	-1.381846e-02
174           	5.900411e-01	2.194433e-01	3.705979e-01	-3.428295e-01	-1.693133e-01	-1.735162e-01	2.101438e-03	-7.557731e-02	1.635988e-02	3.828373e-03	1.827407e-02	-1.444569e-02
175           	5.898100e-01	2.194423e-01	3.703677e-01	-3.441346e-01	-1.702420e-01	-1.738926e-01	1.825265e-03	-7.546271e-02	1.666839e-02	3.223604e-03	1.828019e-02	-1.505658e-02
176           	5.896330e-01	2.194371e-01	3.701959e-01	-3.452401e-01	-1.711250e-01	-1.741151e-01	1.495049e-03	-7.537940e-02	1.692787e-02	2.571288e-03	1.821351e-02	-1.564223e-02
177           	5.895340e-01	2.194347e-01	3.700993e-01	-3.458442e-01	-1.718185e-01	-1.740257e-01	1.103630e-03	-7.533227e-02	1.717217e-02	1.857424e-03	1.810088e-02	-1.624346e-02
178           	5.896171e-01	2.194976e-01	3.701195e-01	-3.456618e-01	-1.721270e-01	-1.735348e-01	7.038998e-04	-7.531097e-02	1.732930e-02	1.079785e-03	1.786919e-02	-1.678941e-02
179           	5.897912e-01	2.195893e-01	3.702019e-01	-3.444962e-01	-1.719180e-01	-1.725782e-01	3.300699e-04	-7.530626e-02	1.746906e-02	2.802358e-04	1.760918e-02	-1.732894e-02
180           	5.899761e-01	2.196705e-01	3.703056e-01	-3.422975e-01	-1.712673e-01	-1.710301e-01	-1.185848e-04	-7.531754e-02	1.759091e-02	-5.473374e-04	1.731725e-02	-1.786458e-02
181           	5.899887e-01	2.196933e-01	3.702954e-01	-3.397172e-01	-1.702408e-01	-1.694764e-01	-3.821830e-04	-7.530102e-02	1.773116e-02	-1.378897e-03	1.704171e-02	-1.842061e-02
182           	5.898914e-01	2.197174e-01	3.701740e-01	-3.375388e-01	-1.691780e-01	-1.683608e-01	-4.085835e-04	-7.522829e-02	1.782457e-02	-2.313614e-03	1.666777e-02	-1.898138e-02
183           	5.897343e-01	2.197386e-01	3.699957e-01	-3.350038e-01	-1.679153e-01	-1.670885e-01	-4.134333e-04	-7.512855e-02	1.787116e-02	-3.237205e-03	1.625256e-02	-1.948976e-02
184           	5.894934e-01	2.197312e-01	3.697621e-01	-3.326038e-01	-1.667344e-01	-1.658693e-01	-4.325418e-04	-7.501544e-02	1.789974e-02	-3.959851e-03	1.591981e-02	-1.987966e-02
185           	5.890666e-01	2.197085e-01	3.693581e-01	-3.309290e-01	-1.658375e-01	-1.650915e-01	-3.730294e-04	-7.482477e-02	1.793902e-02	-4.471819e-03	1.570311e-02	-2.017493e-02
186           	5.884231e-01	2.196657e-01	3.687574e-01	-3.304166e-01	-1.657324e-01	-1.646842e-01	-5.241049e-04	-7.454590e-02	1.798900e-02	-4.720983e-03	1.562851e-02	-2.034950e-02
187           	5.876570e-01	2.196501e-01	3.680069e-01	-3.311818e-01	-1.665524e-01	-1.646294e-01	-9.614639e-04	-7.417842e-02	1.804359e-02	-4.705339e-03	1.569092e-02	-2.039626e-02
188           	5.869080e-01	2.196868e-01	3.672211e-01	-3.330383e-01	-1.683571e-01	-1.646812e-01	-1.837925e-03	-7.376717e-02	1.809842e-02	-4.410885e-03	1.589298e-02	-2.030387e-02
189           	5.861523e-01	2.197619e-01	3.663903e-01	-3.362340e-01	-1.711851e-01	-1.650489e-01	-3.068081e-03	-7.331419e-02	1.814459e-02	-3.849240e-03	1.621997e-02	-2.006921e-02
190           	5.854929e-01	2.198726e-01	3.656203e-01	-3.403266e-01	-1.745893e-01	-1.657373e-01	-4.425994e-03	-7.287386e-02	1.827961e-02	-2.971975e-03	1.679362e-02	-1.976560e-02
191           	5.848307e-01	2.199578e-01	3.648729e-01	-3.447379e-01	-1.781092e-01	-1.666287e-01	-5.740264e-03	-7.245757e-02	1.849878e-02	-1.994117e-03	1.750173e-02	-1.949584e-02
192           	5.843542e-01	2.200298e-01	3.643244e-01	-3.485079e-01	-1.812372e-01	-1.672707e-01	-6.983238e-03	-7.214731e-02	1.880128e-02	-9.344858e-04	1.833403e-02	-1.926852e-02
193           	5.841498e-01	2.201271e-01	3.640227e-01	-3.513353e-01	-1.835848e-01	-1.677504e-01	-7.917203e-03	-7.194781e-02	1.918295e-02	2.173754e-04	1.929164e-02	-1.907426e-02
194           	5.842157e-01	2.202125e-01	3.640032e-01	-3.531709e-01	-1.848478e-01	-1.683231e-01	-8.262358e-03	-7.189535e-02	1.953358e-02	1.491185e-03	2.027918e-02	-1.878799e-02
195           	5.845355e-01	2.203160e-01	3.642195e-01	-3.541298e-01	-1.850139e-01	-1.691159e-01	-7.949017e-03	-7.195175e-02	1.979917e-02	2.749782e-03	2.117406e-02	-1.842428e-02
196           	5.850547e-01	2.204548e-01	3.645999e-01	-3.545017e-01	-1.842776e-01	-1.702241e-01	-7.026716e-03	-7.207255e-02	1.986474e-02	3.855973e-03	2.179272e-02	-1.793675e-02
197           	5.855562e-01	2.205733e-01	3.649829e-01	-3.546300e-01	-1.828265e-01	-1.718035e-01	-5.511517e-03	-7.220477e-02	1.966562e-02	4.583519e-03	2.195738e-02	-1.737386e-02
198           	5.860654e-01	2.207432e-01	3.653222e-01	-3.549276e-01	-1.809233e-01	-1.740043e-01	-3.459517e-03	-7.228947e-02	1.920405e-02	4.915879e-03	2.166199e-02	-1.674611e-02
199           	5.865147e-01	2.209341e-01	3.655807e-01	-3.556781e-01	-1.786824e-01	-1.769957e-01	-8.433595e-04	-7.232329e-02	1.854918e-02	4.850764e-03	2.097456e-02	-1.612380e-02
200           	5.870598e-01	2.212167e-01	3.658431e-01	-3.570795e-01	-1.762728e-01	-1.808067e-01	2.266970e-03	-7.231323e-02	1.777900e-02	4.389431e-03	1.997372e-02	-1.558429e-02
201           	5.877868e-01	2.215777e-01	3.662092e-01	-3.589281e-01	-1.736367e-01	-1.852913e-01	5.827292e-03	-7.231575e-02	1.706283e-02	3.817228e-03	1.897144e-02	-1.515422e-02
202           	5.886808e-01	2.219651e-01	3.667157e-01	-3.608501e-01	-1.707635e-01	-1.900866e-01	9.661524e-03	-7.237534e-02	1.635178e-02	3.194136e-03	1.794884e-02	-1.475471e-02
203           	5.897432e-01	2.223640e-01	3.673792e-01	-3.627022e-01	-1.677522e-01	-1.949500e-01	1.359888e-02	-7.250761e-02	1.569738e-02	2.570911e-03	1.698283e-02	-1.441192e-02
204           	5.909681e-01	2.227642e-01	3.682039e-01	-3.642784e-01	-1.646846e-01	-1.995937e-01	1.745454e-02	-7.271986e-02	1.507577e-02	1.966208e-03	1.605888e-02	-1.409267e-02
205           	5.922537e-01	2.231429e-01	3.691107e-01	-3.652842e-01	-1.616649e-01	-2.036193e-01	2.097717e-02	-7.298389e-02	1.447299e-02	1.337505e-03	1.514174e-02	-1.380424e-02
206           	5.934234e-01	2.234334e-01	3.699900e-01	-3.655985e-01	-1.588053e-01	-2.067932e-01	2.399392e-02	-7.327828e-02	1.394262e-02	6.644005e-04	1.427482e-02	-1.361042e-02
207           	5.943992e-01	2.235939e-01	3.708053e-01	-3.651337e-01	-1.561578e-01	-2.089759e-01	2.640906e-02	-7.360570e-02	1.362067e-02	1.543423e-04	1.369784e-02	-1.354350e-02
208           	5.951255e-01	2.236352e-01	3.714902e-01	-3.638882e-01	-1.536881e-01	-2.102001e-01	2.825602e-02	-7.392751e-02	1.350348e-02	-2.332423e-04	1.338686e-02	-1.362010e-02
209           	5.956429e-01	2.236025e-01	3.720404e-01	-3.619846e-01	-1.513857e-01	-2.105989e-01	2.960661e-02	-7.421895e-02	1.355447e-02	-4.973798e-04	1.330578e-02	-1.380316e-02
210           	5.960056e-01	2.235462e-01	3.724594e-01	-3.596293e-01	-1.492332e-01	-2.103961e-01	3.058147e-02	-7.445663e-02	1.365333e-02	-7.559649e-04	1.327534e-02	-1.403131e-02
211           	5.963469e-01	2.235379e-01	3.728090e-01	-3.571424e-01	-1.472778e-01	-2.098646e-01	3.129344e-02	-7.463558e-02	1.380724e-02	-9.455425e-04	1.333447e-02	-1.428001e-02
212           	5.967079e-01	2.236383e-01	3.730696e-01	-3.547176e-01	-1.454500e-01	-2.092676e-01	3.190881e-02	-7.471564e-02	1.388598e-02	-1.204104e-03	1.328393e-02	-1.448803e-02
213           	5.971042e-01	2.238573e-01	3.732468e-01	-3.523808e-01	-1.437157e-01	-2.086651e-01	3.247468e-02	-7.469475e-02	1.394028e-02	-1.475819e-03	1.320238e-02	-1.467819e-02
214           	5.974317e-01	2.241269e-01	3.733048e-01	-3.501843e-01	-1.420850e-01	-2.080993e-01	3.300717e-02	-7.458892e-02	1.396118e-02	-1.742916e-03	1.308972e-02	-1.483264e-02
215           	5.975895e-01	2.243770e-01	3.732125e-01	-3.481646e-01	-1.405832e-01	-2.075814e-01	3.349914e-02	-7.441774e-02	1.404807e-02	-1.842324e-03	1.312691e-02	-1.496923e-02
216           	5.975634e-01	2.246234e-01	3.729400e-01	-3.460253e-01	-1.391782e-01	-2.068472e-01	3.383450e-02	-7.415832e-02	1.417410e-02	-1.796554e-03	1.327583e-02	-1.507238e-02
217           	5.974300e-01	2.248995e-01	3.725305e-01	-3.436983e-01	-1.378618e-01	-2.058365e-01	3.398737e-02	-7.381551e-02	1.432697e-02	-1.617522e-03	1.351821e-02	-1.513573e-02
218           	5.972287e-01	2.252263e-01	3.720023e-01	-3.410794e-01	-1.366134e-01	-2.044659e-01	3.392626e-02	-7.338800e-02	1.446360e-02	-1.428675e-03	1.374926e-02	-1.517794e-02
219           	5.970007e-01	2.256488e-01	3.713519e-01	-3.380776e-01	-1.353696e-01	-2.027081e-01	3.366924e-02	-7.285157e-02	1.449311e-02	-1.363838e-03	1.381119e-02	-1.517503e-02
220           	5.967432e-01	2.261593e-01	3.705839e-01	-3.346780e-01	-1.341315e-01	-2.005464e-01	3.320744e-02	-7.221227e-02	1.437319e-02	-1.521170e-03	1.361260e-02	-1.513377e-02
221           	5.964388e-01	2.267083e-01	3.697305e-01	-3.308752e-01	-1.328730e-01	-1.980021e-01	3.256454e-02	-7.151110e-02	1.408898e-02	-1.917051e-03	1.313045e-02	-1.504750e-02
222           	5.958776e-01	2.271520e-01	3.687256e-01	-3.267818e-01	-1.315031e-01	-1.952787e-01	3.188783e-02	-7.078680e-02	1.362868e-02	-2.534047e-03	1.236166e-02	-1.489571e-02
223           	5.949813e-01	2.273819e-01	3.675994e-01	-3.228842e-01	-1.299990e-01	-1.928852e-01	3.144308e-02	-7.010874e-02	1.309972e-02	-3.178513e-03	1.151046e-02	-1.468897e-02
224           	5.940260e-01	2.274894e-01	3.665366e-01	-3.199440e-01	-1.284693e-01	-1.914747e-01	3.150273e-02	-6.952363e-02	1.259091e-02	-3.761980e-03	1.070992e-02	-1.447190e-02
225           	5.930974e-01	2.274995e-01	3.655979e-01	-3.180564e-01	-1.270818e-01	-1.909746e-01	3.194645e-02	-6.904923e-02	1.218769e-02	-4.117695e-03	1.012884e-02	-1.424654e-02
226           	5.921601e-01	2.273690e-01	3.647911e-01	-3.171165e-01	-1.260333e-01	-1.910832e-01	3.252494e-02	-6.871104e-02	1.195977e-02	-4.085049e-03	9.917247e-03	-1.400230e-02
227           	5.912824e-01	2.271501e-01	3.641323e-01	-3.174138e-01	-1.255086e-01	-1.919052e-01	3.319830e-02	-6.849108e-02	1.192326e-02	-3.601427e-03	1.012254e-02	-1.372397e-02
228           	5.904603e-01	2.268567e-01	3.636036e-01	-3.191417e-01	-1.256466e-01	-1.934951e-01	3.392424e-02	-6.837344e-02	1.201784e-02	-2.797856e-03	1.061891e-02	-1.341677e-02
229           	5.897242e-01	2.265138e-01	3.632105e-01	-3.221553e-01	-1.264861e-01	-1.956692e-01	3.459158e-02	-6.834836e-02	1.224878e-02	-1.713563e-03	1.139200e-02	-1.310557e-02
230           	5.891042e-01	2.261720e-01	3.629321e-01	-3.261085e-01	-1.277861e-01	-1.983224e-01	3.526815e-02	-6.838004e-02	1.247559e-02	-6.233824e-04	1.216390e-02	-1.278728e-02
231           	5.886344e-01	2.258368e-01	3.627977e-01	-3.305081e-01	-1.293070e-01	-2.012010e-01	3.594700e-02	-6.848044e-02	1.266319e-02	3.757153e-04	1.285104e-02	-1.247533e-02
232           	5.883141e-01	2.255269e-01	3.627872e-01	-3.350814e-01	-1.308663e-01	-2.042151e-01	3.667438e-02	-6.863013e-02	1.269961e-02	1.093793e-03	1.324651e-02	-1.215272e-02
233           	5.881410e-01	2.252429e-01	3.628981e-01	-3.396009e-01	-1.323559e-01	-2.072450e-01	3.744455e-02	-6.882757e-02	1.261816e-02	1.532011e-03	1.338416e-02	-1.185215e-02
234           	5.881347e-01	2.250103e-01	3.631244e-01	-3.440956e-01	-1.338238e-01	-2.102717e-01	3.822395e-02	-6.905706e-02	1.235912e-02	1.630398e-03	1.317432e-02	-1.154392e-02
235           	5.882330e-01	2.248145e-01	3.634185e-01	-3.484110e-01	-1.351882e-01	-2.132227e-01	3.901724e-02	-6.930201e-02	1.197887e-02	1.467240e-03	1.271249e-02	-1.124525e-02
236           	5.884144e-01	2.246717e-01	3.637427e-01	-3.525718e-01	-1.365233e-01	-2.160485e-01	3.976263e-02	-6.953550e-02	1.147000e-02	9.497713e-04	1.194488e-02	-1.099511e-02
237           	5.886860e-01	2.245808e-01	3.641052e-01	-3.565506e-01	-1.378164e-01	-2.187342e-01	4.045892e-02	-6.976222e-02	1.091234e-02	2.467971e-04	1.103573e-02	-1.078894e-02
238           	5.890415e-01	2.245518e-01	3.644897e-01	-3.602927e-01	-1.390485e-01	-2.212442e-01	4.109788e-02	-6.996897e-02	1.025384e-02	-7.708121e-04	9.868438e-03	-1.063925e-02
239           	5.894154e-01	2.245487e-01	3.648667e-01	-3.634605e-01	-1.400851e-01	-2.233754e-01	4.164510e-02	-7.015898e-02	9.623554e-03	-1.888909e-03	8.679100e-03	-1.056801e-02
240           	5.898217e-01	2.245838e-01	3.652379e-01	-3.661445e-01	-1.410287e-01	-2.251158e-01	4.204355e-02	-7.032702e-02	8.941690e-03	-3.288478e-03	7.297451e-03	-1.058593e-02
241           	5.902323e-01	2.246068e-01	3.656256e-01	-3.683033e-01	-1.419366e-01	-2.263666e-01	4.221500e-02	-7.050940e-02	8.365894e-03	-4.672411e-03	6.029688e-03	-1.070210e-02
242           	5.906999e-01	2.246417e-01	3.660581e-01	-3.701145e-01	-1.429613e-01	-2.271532e-01	4.209596e-02	-7.070821e-02	7.892576e-03	-6.018620e-03	4.883266e-03	-1.090189e-02
243           	5.911093e-01	2.246223e-01	3.664870e-01	-3.715516e-01	-1.441670e-01	-2.273847e-01	4.160886e-02	-7.093234e-02	7.669618e-03	-7.096525e-03	4.121355e-03	-1.121788e-02
244           	5.914011e-01	2.245500e-01	3.668511e-01	-3.728102e-01	-1.456932e-01	-2.271170e-01	4.071188e-02	-7.115051e-02	7.539583e-03	-8.125371e-03	3.476898e-03	-1.160227e-02
245           	5.915357e-01	2.244136e-01	3.671221e-01	-3.737384e-01	-1.475887e-01	-2.261497e-01	3.928049e-02	-7.135425e-02	7.497482e-03	-9.127448e-03	2.933758e-03	-1.206121e-02
246           	5.915262e-01	2.242168e-01	3.673094e-01	-3.743624e-01	-1.497706e-01	-2.245918e-01	3.741062e-02	-7.154630e-02	7.494148e-03	-1.014771e-02	2.420294e-03	-1.256800e-02
247           	5.914004e-01	2.239997e-01	3.674007e-01	-3.744683e-01	-1.521691e-01	-2.222992e-01	3.506505e-02	-7.170052e-02	7.519658e-03	-1.106049e-02	1.989413e-03	-1.304990e-02
248           	5.912012e-01	2.237976e-01	3.674037e-01	-3.739809e-01	-1.547038e-01	-2.192771e-01	3.228663e-02	-7.180305e-02	7.531245e-03	-1.196768e-02	1.547403e-03	-1.351509e-02
249           	5.909385e-01	2.236116e-01	3.673269e-01	-3.729557e-01	-1.573468e-01	-2.156089e-01	2.913104e-02	-7.185764e-02	7.595382e-03	-1.270227e-02	1.244247e-03	-1.394652e-02
250           	5.906006e-01	2.234263e-01	3.671744e-01	-3.716294e-01	-1.599200e-01	-2.117094e-01	2.589472e-02	-7.187404e-02	7.664353e-03	-1.334157e-02	9.935670e-04	-1.433514e-02
251           	5.902559e-01	2.232505e-01	3.670054e-01	-3.700625e-01	-1.623437e-01	-2.077188e-01	2.268752e-02	-7.187747e-02	7.763156e-03	-1.384013e-02	8.430920e-04	-1.468322e-02
252           	5.900034e-01	2.231120e-01	3.668913e-01	-3.684982e-01	-1.645998e-01	-2.038984e-01	1.964935e-02	-7.188964e-02	7.879299e-03	-1.429726e-02	7.306695e-04	-1.502793e-02
253           	5.899161e-01	2.230242e-01	3.668919e-01	-3.669946e-01	-1.666023e-01	-2.003923e-01	1.689496e-02	-7.193389e-02	8.011421e-03	-1.474935e-02	6.367444e-04	-1.538610e-02
254           	5.901505e-01	2.230202e-01	3.671303e-01	-3.657082e-01	-1.682923e-01	-1.974159e-01	1.456181e-02	-7.205508e-02	8.178236e-03	-1.511935e-02	6.185620e-04	-1.573791e-02
255           	5.907186e-01	2.230619e-01	3.676567e-01	-3.647980e-01	-1.696740e-01	-1.951239e-01	1.272496e-02	-7.229742e-02	8.439607e-03	-1.526735e-02	8.059337e-04	-1.607328e-02
256           	5.914917e-01	2.230520e-01	3.684397e-01	-3.643657e-01	-1.708082e-01	-1.935575e-01	1.137466e-02	-7.269382e-02	8.819982e-03	-1.507039e-02	1.284787e-03	-1.635518e-02
257           	5.922996e-01	2.229051e-01	3.693946e-01	-3.643179e-01	-1.717534e-01	-1.925645e-01	1.040553e-02	-7.324475e-02	9.371519e-03	-1.446893e-02	2.137052e-03	-1.660599e-02
258           	5.930761e-01	2.226140e-01	3.704621e-01	-3.645603e-01	-1.725932e-01	-1.919671e-01	9.686920e-03	-7.392407e-02	1.004863e-02	-1.354884e-02	3.274215e-03	-1.682305e-02
259           	5.938055e-01	2.221909e-01	3.716146e-01	-3.649133e-01	-1.732786e-01	-1.916347e-01	9.178077e-03	-7.471183e-02	1.083489e-02	-1.228891e-02	4.690433e-03	-1.697934e-02
260           	5.944380e-01	2.216516e-01	3.727864e-01	-3.655952e-01	-1.738417e-01	-1.917535e-01	8.955928e-03	-7.556744e-02	1.167780e-02	-1.078587e-02	6.284861e-03	-1.707073e-02
261           	5.950156e-01	2.210455e-01	3.739701e-01	-3.665165e-01	-1.742005e-01	-1.923160e-01	9.057763e-03	-7.646232e-02	1.254590e-02	-9.017063e-03	8.037365e-03	-1.705443e-02
262           	5.955052e-01	2.204026e-01	3.751026e-01	-3.679296e-01	-1.743742e-01	-1.935553e-01	9.590559e-03	-7.735003e-02	1.330612e-02	-7.202951e-03	9.704648e-03	-1.690760e-02
263           	5.959481e-01	2.197499e-01	3.761982e-01	-3.697646e-01	-1.742686e-01	-1.954960e-01	1.061372e-02	-7.822417e-02	1.383214e-02	-5.521506e-03	1.107139e-02	-1.659289e-02
264           	5.962951e-01	2.191098e-01	3.771853e-01	-3.720195e-01	-1.738959e-01	-1.981236e-01	1.211387e-02	-7.903777e-02	1.400050e-02	-4.165279e-03	1.191787e-02	-1.608314e-02
265           	5.965300e-01	2.184896e-01	3.780404e-01	-3.742928e-01	-1.732868e-01	-2.010061e-01	1.385967e-02	-7.977538e-02	1.380551e-02	-3.216779e-03	1.219712e-02	-1.541390e-02
266           	5.966181e-01	2.178673e-01	3.787508e-01	-3.765157e-01	-1.724779e-01	-2.040378e-01	1.577996e-02	-8.044174e-02	1.330424e-02	-2.553176e-03	1.202765e-02	-1.458083e-02
267           	5.965949e-01	2.172353e-01	3.793595e-01	-3.787176e-01	-1.716456e-01	-2.070721e-01	1.771327e-02	-8.106209e-02	1.262822e-02	-2.038997e-03	1.160872e-02	-1.364772e-02
268           	5.964485e-01	2.165561e-01	3.798924e-01	-3.807810e-01	-1.708223e-01	-2.099587e-01	1.956820e-02	-8.166817e-02	1.196804e-02	-1.437911e-03	1.124909e-02	-1.268700e-02
269           	5.961545e-01	2.158132e-01	3.803413e-01	-3.825463e-01	-1.701189e-01	-2.124273e-01	2.115421e-02	-8.226406e-02	1.143184e-02	-7.288139e-04	1.106744e-02	-1.179625e-02
270           	5.956927e-01	2.150029e-01	3.806898e-01	-3.838373e-01	-1.695553e-01	-2.142820e-01	2.236334e-02	-8.284344e-02	1.111334e-02	1.516058e-04	1.118914e-02	-1.103754e-02
271           	5.951628e-01	2.141922e-01	3.809706e-01	-3.845172e-01	-1.690495e-01	-2.154677e-01	2.320906e-02	-8.338920e-02	1.109623e-02	1.227379e-03	1.170992e-02	-1.048254e-02
272           	5.945603e-01	2.134148e-01	3.811455e-01	-3.848093e-01	-1.684508e-01	-2.163585e-01	2.395384e-02	-8.386535e-02	1.136519e-02	2.509269e-03	1.261983e-02	-1.011056e-02
273           	5.940446e-01	2.127606e-01	3.812839e-01	-3.846591e-01	-1.675775e-01	-2.170817e-01	2.475209e-02	-8.426164e-02	1.184496e-02	3.968302e-03	1.382911e-02	-9.860805e-03
274           	5.936282e-01	2.122393e-01	3.813889e-01	-3.842484e-01	-1.664373e-01	-2.178111e-01	2.568690e-02	-8.457478e-02	1.246220e-02	5.529547e-03	1.522697e-02	-9.697426e-03
275           	5.933091e-01	2.118372e-01	3.814719e-01	-3.832421e-01	-1.649471e-01	-2.182950e-01	2.667397e-02	-8.481737e-02	1.310159e-02	7.036334e-03	1.661975e-02	-9.583419e-03
276           	5.931241e-01	2.115475e-01	3.815766e-01	-3.816760e-01	-1.631547e-01	-2.185213e-01	2.768328e-02	-8.501452e-02	1.365076e-02	8.401726e-03	1.785162e-02	-9.449897e-03
277           	5.930359e-01	2.113534e-01	3.816825e-01	-3.796100e-01	-1.611750e-01	-2.184349e-01	2.862995e-02	-8.516456e-02	1.403397e-02	9.466485e-03	1.876722e-02	-9.300732e-03
278           	5.929599e-01	2.112036e-01	3.817563e-01	-3.771281e-01	-1.590643e-01	-2.180639e-01	2.949981e-02	-8.527639e-02	1.428095e-02	1.026711e-02	1.941451e-02	-9.147402e-03
279           	5.928192e-01	2.110673e-01	3.817519e-01	-3.742162e-01	-1.569924e-01	-2.172239e-01	3.011575e-02	-8.534227e-02	1.444986e-02	1.080644e-02	1.985308e-02	-9.046634e-03
280           	5.925957e-01	2.109121e-01	3.816836e-01	-3.709738e-01	-1.552152e-01	-2.157586e-01	3.027170e-02	-8.538574e-02	1.464757e-02	1.119680e-02	2.024597e-02	-9.049166e-03
281           	5.922774e-01	2.106705e-01	3.816070e-01	-3.675329e-01	-1.539673e-01	-2.135656e-01	2.979919e-02	-8.546827e-02	1.494067e-02	1.151093e-02	2.069614e-02	-9.185210e-03
282           	5.918391e-01	2.103440e-01	3.814951e-01	-3.643666e-01	-1.533449e-01	-2.110218e-01	2.883846e-02	-8.557555e-02	1.530611e-02	1.175169e-02	2.118195e-02	-9.430260e-03
283           	5.912852e-01	2.099507e-01	3.813345e-01	-3.615905e-01	-1.533241e-01	-2.082664e-01	2.747115e-02	-8.569190e-02	1.572659e-02	1.191827e-02	2.168573e-02	-9.767460e-03
284           	5.907109e-01	2.095729e-01	3.811380e-01	-3.596580e-01	-1.539453e-01	-2.057127e-01	2.588367e-02	-8.578257e-02	1.613637e-02	1.195328e-02	2.211301e-02	-1.015973e-02
285           	5.902344e-01	2.092452e-01	3.809892e-01	-3.583329e-01	-1.551132e-01	-2.032197e-01	2.405323e-02	-8.587199e-02	1.652972e-02	1.193087e-02	2.249515e-02	-1.056428e-02
286           	5.898096e-01	2.089381e-01	3.808715e-01	-3.576836e-01	-1.567262e-01	-2.009574e-01	2.211562e-02	-8.596674e-02	1.692883e-02	1.186985e-02	2.286376e-02	-1.099390e-02
287           	5.893689e-01	2.086290e-01	3.807400e-01	-3.573600e-01	-1.585073e-01	-1.988527e-01	2.017269e-02	-8.605550e-02	1.731273e-02	1.178097e-02	2.320321e-02	-1.142224e-02
288           	5.890381e-01	2.083947e-01	3.806435e-01	-3.573543e-01	-1.603344e-01	-1.970199e-01	1.834273e-02	-8.612442e-02	1.760625e-02	1.152707e-02	2.336979e-02	-1.184272e-02
289           	5.888666e-01	2.082418e-01	3.806248e-01	-3.571538e-01	-1.618701e-01	-1.952837e-01	1.670681e-02	-8.619150e-02	1.785180e-02	1.122816e-02	2.346588e-02	-1.223772e-02
290           	5.890331e-01	2.082568e-01	3.807764e-01	-3.562165e-01	-1.628443e-01	-1.933722e-01	1.526391e-02	-8.625978e-02	1.808158e-02	1.096607e-02	2.356462e-02	-1.259855e-02
291           	5.894176e-01	2.084089e-01	3.810087e-01	-3.543965e-01	-1.631397e-01	-1.912567e-01	1.405850e-02	-8.629993e-02	1.832311e-02	1.069958e-02	2.367290e-02	-1.297332e-02
292           	5.899549e-01	2.086913e-01	3.812635e-01	-3.517048e-01	-1.629016e-01	-1.888033e-01	1.295085e-02	-8.628609e-02	1.851300e-02	1.031656e-02	2.367128e-02	-1.335472e-02
293           	5.904175e-01	2.089752e-01	3.814423e-01	-3.480081e-01	-1.620504e-01	-1.859576e-01	1.195359e-02	-8.623355e-02	1.863822e-02	9.786701e-03	2.353157e-02	-1.374487e-02
294           	5.907311e-01	2.093131e-01	3.814180e-01	-3.442699e-01	-1.610481e-01	-1.832218e-01	1.108684e-02	-8.605243e-02	1.868588e-02	9.057817e-03	2.321479e-02	-1.415697e-02
295           	5.907987e-01	2.096498e-01	3.811489e-01	-3.404972e-01	-1.598278e-01	-1.806694e-01	1.042079e-02	-8.574953e-02	1.866985e-02	8.194599e-03	2.276715e-02	-1.457255e-02
296           	5.908211e-01	2.100641e-01	3.807569e-01	-3.373689e-01	-1.587930e-01	-1.785759e-01	9.891484e-03	-8.534640e-02	1.864414e-02	7.361818e-03	2.232505e-02	-1.496323e-02
297           	5.907227e-01	2.105364e-01	3.801863e-01	-3.351729e-01	-1.582707e-01	-1.769022e-01	9.315734e-03	-8.482498e-02	1.865997e-02	6.657966e-03	2.198895e-02	-1.533098e-02
298           	5.905124e-01	2.110789e-01	3.794335e-01	-3.346549e-01	-1.586526e-01	-1.760023e-01	8.674860e-03	-8.417731e-02	1.872333e-02	6.135936e-03	2.179130e-02	-1.565536e-02
299           	5.901334e-01	2.116573e-01	3.784761e-01	-3.352011e-01	-1.600083e-01	-1.751928e-01	7.592254e-03	-8.340942e-02	1.872407e-02	5.750792e-03	2.159946e-02	-1.584867e-02
300           	5.896647e-01	2.122893e-01	3.773754e-01	-3.370475e-01	-1.625176e-01	-1.745299e-01	6.006156e-03	-8.254302e-02	1.866272e-02	5.505288e-03	2.141537e-02	-1.591008e-02
301           	5.890145e-01	2.129333e-01	3.760811e-01	-3.398621e-01	-1.657738e-01	-1.740883e-01	4.157242e-03	-8.157390e-02	1.856294e-02	5.359062e-03	2.124247e-02	-1.588341e-02
302           	5.882743e-01	2.135884e-01	3.746859e-01	-3.436819e-01	-1.695065e-01	-1.741754e-01	2.334458e-03	-8.054872e-02	1.848217e-02	5.277831e-03	2.112108e-02	-1.584325e-02
303           	5.875383e-01	2.142474e-01	3.732909e-01	-3.477833e-01	-1.731639e-01	-1.746194e-01	7.277539e-04	-7.952173e-02	1.845710e-02	5.205977e-03	2.106009e-02	-1.585411e-02
304           	5.869323e-01	2.148715e-01	3.720608e-01	-3.517584e-01	-1.764766e-01	-1.752818e-01	-5.974141e-04	-7.859467e-02	1.843983e-02	5.106366e-03	2.099301e-02	-1.588664e-02
305           	5.865085e-01	2.154717e-01	3.710369e-01	-3.549243e-01	-1.788115e-01	-1.761128e-01	-1.349388e-03	-7.778260e-02	1.836604e-02	4.929734e-03	2.083090e-02	-1.590117e-02
306           	5.863347e-01	2.160371e-01	3.702976e-01	-3.572809e-01	-1.800063e-01	-1.772746e-01	-1.365844e-03	-7.713023e-02	1.829304e-02	4.806643e-03	2.069636e-02	-1.588972e-02
307           	5.863829e-01	2.165855e-01	3.697974e-01	-3.587848e-01	-1.800492e-01	-1.787356e-01	-6.568022e-04	-7.660596e-02	1.825734e-02	4.725499e-03	2.062009e-02	-1.589459e-02
308           	5.867117e-01	2.171620e-01	3.695498e-01	-3.597926e-01	-1.792917e-01	-1.805010e-01	6.046370e-04	-7.619388e-02	1.822885e-02	4.668147e-03	2.056292e-02	-1.589477e-02
309           	5.872441e-01	2.178004e-01	3.694437e-01	-3.605683e-01	-1.779356e-01	-1.826327e-01	2.348567e-03	-7.582169e-02	1.817320e-02	4.567318e-03	2.045686e-02	-1.588955e-02
310           	5.879329e-01	2.185034e-01	3.694295e-01	-3.613363e-01	-1.762295e-01	-1.851068e-01	4.438669e-03	-7.546304e-02	1.803154e-02	4.339701e-03	2.020139e-02	-1.586168e-02
311           	5.887932e-01	2.193263e-01	3.694670e-01	-3.623953e-01	-1.743256e-01	-1.880696e-01	6.872009e-03	-7.507035e-02	1.780769e-02	3.977214e-03	1.979630e-02	-1.581908e-02
312           	5.897907e-01	2.202448e-01	3.695459e-01	-3.638723e-01	-1.723984e-01	-1.914740e-01	9.537800e-03	-7.465050e-02	1.749931e-02	3.420895e-03	1.920976e-02	-1.578886e-02
313           	5.908164e-01	2.211983e-01	3.696181e-01	-3.654817e-01	-1.704376e-01	-1.950441e-01	1.230325e-02	-7.420987e-02	1.713924e-02	2.670064e-03	1.847427e-02	-1.580421e-02
314           	5.917943e-01	2.220797e-01	3.697145e-01	-3.669533e-01	-1.685043e-01	-1.984490e-01	1.497235e-02	-7.381741e-02	1.674946e-02	1.782641e-03	1.764078e-02	-1.585814e-02
315           	5.927612e-01	2.228730e-01	3.698882e-01	-3.679738e-01	-1.666767e-01	-2.012971e-01	1.731022e-02	-7.350755e-02	1.635544e-02	8.661827e-04	1.678853e-02	-1.592235e-02
316           	5.937665e-01	2.235802e-01	3.701863e-01	-3.684277e-01	-1.650401e-01	-2.033876e-01	1.917374e-02	-7.330304e-02	1.598585e-02	-2.957932e-05	1.597106e-02	-1.600064e-02
317           	5.946608e-01	2.241561e-01	3.705047e-01	-3.681842e-01	-1.635615e-01	-2.046227e-01	2.053063e-02	-7.317429e-02	1.566440e-02	-8.502369e-04	1.523928e-02	-1.608952e-02
318           	5.953927e-01	2.245724e-01	3.708202e-01	-3.674784e-01	-1.622192e-01	-2.052591e-01	2.151994e-02	-7.312390e-02	1.540841e-02	-1.609270e-03	1.460377e-02	-1.621304e-02
319           	5.959578e-01	2.248244e-01	3.711334e-01	-3.661596e-01	-1.610056e-01	-2.051540e-01	2.207419e-02	-7.315450e-02	1.525680e-02	-2.267021e-03	1.412329e-02	-1.639031e-02
320           	5.963466e-01	2.248787e-01	3.714679e-01	-3.643035e-01	-1.599164e-01	-2.043872e-01	2.223540e-02	-7.329460e-02	1.519177e-02	-2.848190e-03	1.376767e-02	-1.661586e-02
321           	5.965119e-01	2.247147e-01	3.717972e-01	-3.617454e-01	-1.589199e-01	-2.028255e-01	2.195278e-02	-7.354123e-02	1.522306e-02	-3.231180e-03	1.360747e-02	-1.683865e-02
322           	5.964954e-01	2.243746e-01	3.721208e-01	-3.590191e-01	-1.579974e-01	-2.010217e-01	2.151214e-02	-7.387309e-02	1.536274e-02	-3.374990e-03	1.367525e-02	-1.705024e-02
323           	5.963658e-01	2.239387e-01	3.724271e-01	-3.562663e-01	-1.572351e-01	-1.990311e-01	2.089800e-02	-7.424418e-02	1.560287e-02	-3.280879e-03	1.396243e-02	-1.724331e-02
324           	5.961137e-01	2.234301e-01	3.726836e-01	-3.538151e-01	-1.566892e-01	-1.971258e-01	2.021829e-02	-7.462675e-02	1.588312e-02	-3.043278e-03	1.436148e-02	-1.740476e-02
325           	5.957387e-01	2.228720e-01	3.728668e-01	-3.515453e-01	-1.564078e-01	-1.951375e-01	1.936485e-02	-7.499740e-02	1.622099e-02	-2.701932e-03	1.487003e-02	-1.757196e-02
326           	5.952762e-01	2.222594e-01	3.730169e-01	-3.497342e-01	-1.565096e-01	-1.932246e-01	1.835746e-02	-7.537875e-02	1.660188e-02	-2.273964e-03	1.546490e-02	-1.773887e-02
327           	5.947894e-01	2.216205e-01	3.731689e-01	-3.483151e-01	-1.569272e-01	-1.913879e-01	1.723034e-02	-7.577419e-02	1.702280e-02	-1.784553e-03	1.613052e-02	-1.791508e-02
328           	5.943526e-01	2.210056e-01	3.733470e-01	-3.474869e-01	-1.575577e-01	-1.899292e-01	1.618576e-02	-7.617072e-02	1.748002e-02	-1.167610e-03	1.689621e-02	-1.806382e-02
329           	5.939776e-01	2.204430e-01	3.735347e-01	-3.471301e-01	-1.582433e-01	-1.888868e-01	1.532177e-02	-7.654587e-02	1.800374e-02	-4.253358e-04	1.779108e-02	-1.821641e-02
330           	5.937070e-01	2.199518e-01	3.737553e-01	-3.471407e-01	-1.588471e-01	-1.882936e-01	1.472321e-02	-7.690175e-02	1.852419e-02	3.617229e-04	1.870505e-02	-1.834333e-02
331           	5.935273e-01	2.195251e-01	3.740023e-01	-3.472685e-01	-1.592948e-01	-1.879737e-01	1.433947e-02	-7.723859e-02	1.896727e-02	1.036229e-03	1.948538e-02	-1.844915e-02
332           	5.934330e-01	2.191920e-01	3.742410e-01	-3.473092e-01	-1.594393e-01	-1.878700e-01	1.421534e-02	-7.752452e-02	1.919247e-02	1.396773e-03	1.989086e-02	-1.849409e-02
333           	5.934872e-01	2.190374e-01	3.744498e-01	-3.470375e-01	-1.591459e-01	-1.878917e-01	1.437289e-02	-7.770618e-02	1.915341e-02	1.341173e-03	1.982400e-02	-1.848282e-02
334           	5.937323e-01	2.191361e-01	3.745962e-01	-3.466553e-01	-1.584670e-01	-1.881883e-01	1.486060e-02	-7.773007e-02	1.883567e-02	8.467753e-04	1.925905e-02	-1.841228e-02
335           	5.941508e-01	2.194832e-01	3.746676e-01	-3.463528e-01	-1.575238e-01	-1.888290e-01	1.565258e-02	-7.759218e-02	1.835739e-02	1.066637e-04	1.841073e-02	-1.830406e-02
336           	5.946185e-01	2.199921e-01	3.746264e-01	-3.462196e-01	-1.564402e-01	-1.897794e-01	1.666963e-02	-7.731711e-02	1.779650e-02	-7.625590e-04	1.741522e-02	-1.817778e-02
337           	5.949972e-01	2.205527e-01	3.744445e-01	-3.459848e-01	-1.552715e-01	-1.907133e-01	1.772090e-02	-7.694588e-02	1.721417e-02	-1.621366e-03	1.640348e-02	-1.802485e-02
338           	5.951474e-01	2.210813e-01	3.740661e-01	-3.457422e-01	-1.541209e-01	-1.916212e-01	1.875017e-02	-7.649241e-02	1.655257e-02	-2.533049e-03	1.528604e-02	-1.781909e-02
339           	5.950913e-01	2.215821e-01	3.735092e-01	-3.456361e-01	-1.530189e-01	-1.926172e-01	1.979912e-02	-7.596353e-02	1.590830e-02	-3.329609e-03	1.424349e-02	-1.757310e-02
340           	5.948897e-01	2.221065e-01	3.727832e-01	-3.458089e-01	-1.519965e-01	-1.938124e-01	2.090799e-02	-7.533835e-02	1.534028e-02	-3.991988e-03	1.334429e-02	-1.733628e-02
341           	5.945894e-01	2.226641e-01	3.719253e-01	-3.459835e-01	-1.510786e-01	-1.949049e-01	2.191316e-02	-7.463057e-02	1.490462e-02	-4.432760e-03	1.268824e-02	-1.712100e-02
342           	5.941568e-01	2.231662e-01	3.709906e-01	-3.461830e-01	-1.504101e-01	-1.957729e-01	2.268137e-02	-7.391221e-02	1.456992e-02	-4.676908e-03	1.223147e-02	-1.690838e-02
343           	5.935821e-01	2.235797e-01	3.700025e-01	-3.462183e-01	-1.499633e-01	-1.962549e-01	2.314582e-02	-7.321139e-02	1.429653e-02	-4.678730e-03	1.195717e-02	-1.663590e-02
344           	5.930202e-01	2.239848e-01	3.690355e-01	-3.461698e-01	-1.496136e-01	-1.965561e-01	2.347124e-02	-7.252536e-02	1.400106e-02	-4.570150e-03	1.171599e-02	-1.628614e-02
345           	5.925817e-01	2.244398e-01	3.681419e-01	-3.458777e-01	-1.491926e-01	-1.966851e-01	2.374628e-02	-7.185104e-02	1.369152e-02	-4.326906e-03	1.152806e-02	-1.585497e-02
346           	5.922706e-01	2.249326e-01	3.673380e-01	-3.453527e-01	-1.484549e-01	-1.968978e-01	2.422144e-02	-7.120269e-02	1.334821e-02	-4.100941e-03	1.129774e-02	-1.539868e-02
347           	5.920781e-01	2.254006e-01	3.666775e-01	-3.442776e-01	-1.472869e-01	-1.969907e-01	2.485190e-02	-7.063848e-02	1.303985e-02	-3.814569e-03	1.113256e-02	-1.494713e-02
348           	5.918780e-01	2.257363e-01	3.661417e-01	-3.425759e-01	-1.456333e-01	-1.969426e-01	2.565468e-02	-7.020273e-02	1.277411e-02	-3.456151e-03	1.104603e-02	-1.450218e-02
349           	5.917081e-01	2.259264e-01	3.657817e-01	-3.401571e-01	-1.433713e-01	-1.967859e-01	2.670729e-02	-6.992764e-02	1.251628e-02	-3.033151e-03	1.099970e-02	-1.403285e-02
350           	5.916659e-01	2.260419e-01	3.656241e-01	-3.373045e-01	-1.405012e-01	-1.968033e-01	2.815105e-02	-6.979108e-02	1.222228e-02	-2.660859e-03	1.089185e-02	-1.355270e-02
351           	5.917994e-01	2.261689e-01	3.656306e-01	-3.343021e-01	-1.370464e-01	-1.972558e-01	3.010471e-02	-6.973085e-02	1.191995e-02	-2.344231e-03	1.074784e-02	-1.309207e-02
352           	5.920607e-01	2.262999e-01	3.657607e-01	-3.316818e-01	-1.333739e-01	-1.983079e-01	3.246703e-02	-6.973041e-02	1.161978e-02	-2.142866e-03	1.054835e-02	-1.269122e-02
353           	5.923204e-01	2.263740e-01	3.659464e-01	-3.296033e-01	-1.297752e-01	-1.998281e-01	3.502643e-02	-6.978621e-02	1.136099e-02	-1.980851e-03	1.037056e-02	-1.235141e-02
354           	5.925288e-01	2.263554e-01	3.661734e-01	-3.282764e-01	-1.265895e-01	-2.016869e-01	3.754874e-02	-6.990901e-02	1.109808e-02	-1.914783e-03	1.014068e-02	-1.205547e-02
355           	5.927316e-01	2.263030e-01	3.664286e-01	-3.278060e-01	-1.238777e-01	-2.039283e-01	4.002531e-02	-7.006279e-02	1.080882e-02	-1.946468e-03	9.835583e-03	-1.178205e-02
356           	5.929167e-01	2.262539e-01	3.666627e-01	-3.281906e-01	-1.217358e-01	-2.064549e-01	4.235954e-02	-7.020438e-02	1.044946e-02	-2.143323e-03	9.377798e-03	-1.152112e-02
357           	5.931085e-01	2.262264e-01	3.668821e-01	-3.292621e-01	-1.200315e-01	-2.092306e-01	4.459957e-02	-7.032783e-02	1.006772e-02	-2.427521e-03	8.853964e-03	-1.128149e-02
358           	5.933000e-01	2.262008e-01	3.670991e-01	-3.306648e-01	-1.188636e-01	-2.118012e-01	4.646877e-02	-7.044915e-02	9.655328e-03	-2.813159e-03	8.248749e-03	-1.106191e-02
359           	5.935056e-01	2.261553e-01	3.673503e-01	-3.321820e-01	-1.182765e-01	-2.139055e-01	4.781449e-02	-7.059748e-02	9.215721e-03	-3.258327e-03	7.586558e-03	-1.084488e-02
360           	5.937231e-01	2.260833e-01	3.676398e-01	-3.338584e-01	-1.183108e-01	-2.155476e-01	4.861837e-02	-7.077821e-02	8.718276e-03	-3.832170e-03	6.802191e-03	-1.063436e-02
361           	5.941058e-01	2.260786e-01	3.680272e-01	-3.359184e-01	-1.189384e-01	-2.169800e-01	4.902083e-02	-7.097429e-02	8.184729e-03	-4.512012e-03	5.928722e-03	-1.044073e-02
362           	5.945778e-01	2.261515e-01	3.684263e-01	-3.381087e-01	-1.200292e-01	-2.180795e-01	4.902519e-02	-7.113743e-02	7.681842e-03	-5.267031e-03	5.048326e-03	-1.031536e-02
363           	5.949056e-01	2.261797e-01	3.687259e-01	-3.404341e-01	-1.215557e-01	-2.188784e-01	4.866136e-02	-7.127310e-02	7.297998e-03	-5.983462e-03	4.306267e-03	-1.028973e-02
364           	5.949707e-01	2.260534e-01	3.689174e-01	-3.427433e-01	-1.235871e-01	-2.191562e-01	4.778456e-02	-7.143199e-02	6.970869e-03	-6.718866e-03	3.611436e-03	-1.033030e-02
365           	5.947907e-01	2.257528e-01	3.690379e-01	-3.449034e-01	-1.259634e-01	-2.189400e-01	4.648834e-02	-7.164252e-02	6.775911e-03	-7.340419e-03	3.105702e-03	-1.044612e-02
366           	5.944407e-01	2.253173e-01	3.691234e-01	-3.468639e-01	-1.285996e-01	-2.182643e-01	4.483236e-02	-7.190303e-02	6.685305e-03	-7.843140e-03	2.763735e-03	-1.060688e-02
367           	5.941123e-01	2.248887e-01	3.692235e-01	-3.486392e-01	-1.313069e-01	-2.173323e-01	4.301271e-02	-7.216739e-02	6.652251e-03	-8.315035e-03	2.494734e-03	-1.080977e-02
368           	5.939397e-01	2.245666e-01	3.693731e-01	-3.502916e-01	-1.341153e-01	-2.161763e-01	4.103048e-02	-7.240323e-02	6.657901e-03	-8.868650e-03	2.223576e-03	-1.109223e-02
369           	5.938205e-01	2.242742e-01	3.695463e-01	-3.517810e-01	-1.370471e-01	-2.147340e-01	3.884343e-02	-7.263603e-02	6.786881e-03	-9.406885e-03	2.083439e-03	-1.149032e-02
370           	5.935759e-01	2.238335e-01	3.697425e-01	-3.532367e-01	-1.401927e-01	-2.130440e-01	3.642566e-02	-7.295450e-02	7.144256e-03	-9.675889e-03	2.306311e-03	-1.198220e-02
371           	5.930853e-01	2.231555e-01	3.699298e-01	-3.547047e-01	-1.436014e-01	-2.111033e-01	3.375097e-02	-7.338717e-02	7.743201e-03	-9.592334e-03	2.947034e-03	-1.253937e-02
372           	5.923724e-01	2.223109e-01	3.700615e-01	-3.563515e-01	-1.472276e-01	-2.091239e-01	3.094818e-02	-7.387533e-02	8.471635e-03	-9.267217e-03	3.838027e-03	-1.310524e-02
373           	5.915667e-01	2.214550e-01	3.701117e-01	-3.580457e-01	-1.508601e-01	-2.071856e-01	2.816273e-02	-7.432832e-02	9.182681e-03	-8.929762e-03	4.717800e-03	-1.364756e-02
374           	5.908731e-01	2.207335e-01	3.701396e-01	-3.597360e-01	-1.543619e-01	-2.053741e-01	2.550606e-02	-7.470302e-02	9.793674e-03	-8.746151e-03	5.420598e-03	-1.416675e-02
375           	5.903416e-01	2.201412e-01	3.702004e-01	-3.612289e-01	-1.576339e-01	-2.035950e-01	2.298052e-02	-7.502957e-02	1.031457e-02	-8.607999e-03	6.010568e-03	-1.461857e-02
376           	5.898822e-01	2.195874e-01	3.702947e-01	-3.625364e-01	-1.607220e-01	-2.018144e-01	2.054618e-02	-7.535364e-02	1.071056e-02	-8.382535e-03	6.519290e-03	-1.490182e-02
377           	5.893066e-01	2.189662e-01	3.703404e-01	-3.635732e-01	-1.636060e-01	-1.999672e-01	1.818061e-02	-7.568707e-02	1.093828e-02	-8.017137e-03	6.929710e-03	-1.494685e-02
378           	5.885906e-01	2.182511e-01	3.703396e-01	-3.648460e-01	-1.663190e-01	-1.985270e-01	1.610400e-02	-7.604425e-02	1.105429e-02	-7.447585e-03	7.330493e-03	-1.477808e-02
379           	5.879809e-01	2.175856e-01	3.703953e-01	-3.664651e-01	-1.687825e-01	-1.976826e-01	1.445002e-02	-7.640487e-02	1.110543e-02	-6.726967e-03	7.741951e-03	-1.446892e-02
380           	5.876132e-01	2.170423e-01	3.705708e-01	-3.682578e-01	-1.710781e-01	-1.971797e-01	1.305079e-02	-7.676424e-02	1.112026e-02	-5.965343e-03	8.137589e-03	-1.410293e-02
381           	5.875053e-01	2.165794e-01	3.709259e-01	-3.699913e-01	-1.731588e-01	-1.968326e-01	1.183690e-02	-7.717326e-02	1.120085e-02	-5.073829e-03	8.663935e-03	-1.373776e-02
382           	5.876595e-01	2.161692e-01	3.714904e-01	-3.715540e-01	-1.751361e-01	-1.964179e-01	1.064090e-02	-7.766059e-02	1.136375e-02	-4.038297e-03	9.344601e-03	-1.338290e-02
383           	5.879699e-01	2.157508e-01	3.722191e-01	-3.730396e-01	-1.768495e-01	-1.961901e-01	9.670275e-03	-7.823417e-02	1.153984e-02	-2.940831e-03	1.006943e-02	-1.301026e-02
384           	5.884000e-01	2.153554e-01	3.730446e-01	-3.746024e-01	-1.782286e-01	-1.963738e-01	9.072582e-03	-7.884460e-02	1.167527e-02	-1.864435e-03	1.074306e-02	-1.260749e-02
385           	5.889110e-01	2.150055e-01	3.739055e-01	-3.761407e-01	-1.791508e-01	-1.969899e-01	8.919562e-03	-7.944997e-02	1.171930e-02	-9.327711e-04	1.125291e-02	-1.218569e-02
386           	5.895132e-01	2.147208e-01	3.747924e-01	-3.777640e-01	-1.797014e-01	-1.980626e-01	9.180625e-03	-8.003583e-02	1.168307e-02	-1.540740e-04	1.160603e-02	-1.176010e-02
387           	5.901818e-01	2.144699e-01	3.757119e-01	-3.793918e-01	-1.799696e-01	-1.994222e-01	9.726303e-03	-8.062100e-02	1.161652e-02	5.102681e-04	1.187166e-02	-1.136139e-02
388           	5.909609e-01	2.142841e-01	3.766768e-01	-3.811328e-01	-1.800203e-01	-2.011125e-01	1.054610e-02	-8.119636e-02	1.148973e-02	1.117798e-03	1.204863e-02	-1.093083e-02
389           	5.919540e-01	2.142531e-01	3.777009e-01	-3.828930e-01	-1.797689e-01	-2.031241e-01	1.167758e-02	-8.172392e-02	1.129706e-02	1.641538e-03	1.211783e-02	-1.047629e-02
390           	5.930928e-01	2.144183e-01	3.786745e-01	-3.845903e-01	-1.792913e-01	-2.052990e-01	1.300385e-02	-8.212812e-02	1.099119e-02	1.979783e-03	1.198109e-02	-1.000130e-02
391           	5.940355e-01	2.145994e-01	3.794361e-01	-3.856506e-01	-1.786382e-01	-2.070124e-01	1.418710e-02	-8.241833e-02	1.064233e-02	2.147024e-03	1.171584e-02	-9.568820e-03
392           	5.946932e-01	2.147095e-01	3.799837e-01	-3.860934e-01	-1.779090e-01	-2.081844e-01	1.513766e-02	-8.263707e-02	1.033265e-02	2.223543e-03	1.144442e-02	-9.220876e-03
393           	5.949884e-01	2.146852e-01	3.803032e-01	-3.857052e-01	-1.771931e-01	-2.085121e-01	1.565950e-02	-8.280899e-02	1.003970e-02	2.190531e-03	1.113497e-02	-8.944435e-03
394           	5.951352e-01	2.146223e-01	3.805129e-01	-3.848131e-01	-1.765386e-01	-2.082745e-01	1.586795e-02	-8.294529e-02	9.791640e-03	2.148046e-03	1.086566e-02	-8.717617e-03
395           	5.951699e-01	2.145193e-01	3.806506e-01	-3.835735e-01	-1.758739e-01	-2.076997e-01	1.591289e-02	-8.306567e-02	9.728573e-03	2.295634e-03	1.087639e-02	-8.580756e-03
396           	5.950589e-01	2.143648e-01	3.806941e-01	-3.821804e-01	-1.751772e-01	-2.070032e-01	1.591298e-02	-8.316464e-02	9.952071e-03	2.772667e-03	1.133840e-02	-8.565738e-03
397           	5.947507e-01	2.141328e-01	3.806179e-01	-3.806042e-01	-1.743712e-01	-2.062329e-01	1.593086e-02	-8.324256e-02	1.047875e-02	3.560919e-03	1.225921e-02	-8.698286e-03
398           	5.943411e-01	2.138300e-01	3.805110e-01	-3.789993e-01	-1.735422e-01	-2.054571e-01	1.595748e-02	-8.334051e-02	1.127946e-02	4.591046e-03	1.357498e-02	-8.983935e-03
399           	5.938082e-01	2.134607e-01	3.803475e-01	-3.772992e-01	-1.725076e-01	-2.047916e-01	1.614202e-02	-8.344342e-02	1.224775e-02	5.715357e-03	1.510543e-02	-9.390073e-03
400           	5.931779e-01	2.130518e-01	3.801261e-01	-3.755912e-01	-1.712236e-01	-2.043676e-01	1.657203e-02	-8.353718e-02	1.325170e-02	6.811643e-03	1.665752e-02	-9.845880e-03
401           	5.924751e-01	2.126581e-01	3.798170e-01	-3.738767e-01	-1.695471e-01	-2.043296e-01	1.739128e-02	-8.357949e-02	1.419043e-02	7.838710e-03	1.810979e-02	-1.027108e-02
402           	5.919360e-01	2.123958e-01	3.795402e-01	-3.721481e-01	-1.676179e-01	-2.045302e-01	1.845611e-02	-8.357218e-02	1.499193e-02	8.715174e-03	1.934952e-02	-1.063435e-02
403           	5.915948e-01	2.122860e-01	3.793088e-01	-3.703324e-01	-1.654760e-01	-2.048564e-01	1.969020e-02	-8.351141e-02	1.563764e-02	9.390766e-03	2.033303e-02	-1.094226e-02
404           	5.913951e-01	2.122877e-01	3.791074e-01	-3.684046e-01	-1.633891e-01	-2.050155e-01	2.081323e-02	-8.340983e-02	1.603265e-02	9.668695e-03	2.086700e-02	-1.119830e-02
405           	5.912171e-01	2.123728e-01	3.788443e-01	-3.661505e-01	-1.613685e-01	-2.047820e-01	2.170678e-02	-8.323571e-02	1.609759e-02	9.463207e-03	2.082919e-02	-1.136599e-02
406           	5.911246e-01	2.125380e-01	3.785865e-01	-3.639127e-01	-1.596195e-01	-2.042932e-01	2.233685e-02	-8.302425e-02	1.586230e-02	8.771703e-03	2.024815e-02	-1.147644e-02
407           	5.909937e-01	2.127561e-01	3.782375e-01	-3.615829e-01	-1.580610e-01	-2.035219e-01	2.273050e-02	-8.274068e-02	1.549947e-02	7.786881e-03	1.939291e-02	-1.160603e-02
408           	5.907755e-01	2.129261e-01	3.778495e-01	-3.594086e-01	-1.568870e-01	-2.025216e-01	2.281730e-02	-8.246170e-02	1.517775e-02	6.641160e-03	1.849833e-02	-1.185717e-02
409           	5.904654e-01	2.130171e-01	3.774483e-01	-3.573707e-01	-1.560149e-01	-2.013558e-01	2.267047e-02	-8.221557e-02	1.498678e-02	5.570424e-03	1.777199e-02	-1.220157e-02
410           	5.901077e-01	2.129969e-01	3.771109e-01	-3.557585e-01	-1.556147e-01	-2.001437e-01	2.226450e-02	-8.205700e-02	1.489727e-02	4.447470e-03	1.712101e-02	-1.267354e-02
411           	5.897803e-01	2.129520e-01	3.768283e-01	-3.545891e-01	-1.554160e-01	-1.991731e-01	2.187854e-02	-8.193815e-02	1.488223e-02	3.441936e-03	1.660319e-02	-1.316126e-02
412           	5.895739e-01	2.129695e-01	3.766045e-01	-3.539719e-01	-1.554210e-01	-1.985509e-01	2.156495e-02	-8.181750e-02	1.488647e-02	2.431298e-03	1.610212e-02	-1.367082e-02
413           	5.894496e-01	2.130375e-01	3.764121e-01	-3.539731e-01	-1.555876e-01	-1.983855e-01	2.139898e-02	-8.168730e-02	1.488273e-02	1.449317e-03	1.560739e-02	-1.415808e-02
414           	5.895672e-01	2.132271e-01	3.763401e-01	-3.546496e-01	-1.559614e-01	-1.986882e-01	2.136342e-02	-8.155652e-02	1.489477e-02	4.723632e-04	1.513095e-02	-1.465859e-02
415           	5.897404e-01	2.134227e-01	3.763177e-01	-3.555867e-01	-1.564949e-01	-1.990918e-01	2.129846e-02	-8.144748e-02	1.496581e-02	-3.525607e-04	1.478953e-02	-1.514209e-02
416           	5.899772e-01	2.135972e-01	3.763800e-01	-3.564059e-01	-1.571655e-01	-1.992404e-01	2.103748e-02	-8.139139e-02	1.503988e-02	-1.104559e-03	1.448760e-02	-1.559216e-02
417           	5.903318e-01	2.137906e-01	3.765412e-01	-3.569628e-01	-1.577705e-01	-1.991923e-01	2.071089e-02	-8.137528e-02	1.508955e-02	-1.770620e-03	1.420424e-02	-1.597486e-02
418           	5.908410e-01	2.140381e-01	3.768029e-01	-3.570172e-01	-1.581481e-01	-1.988691e-01	2.036047e-02	-8.138242e-02	1.516789e-02	-2.361615e-03	1.398709e-02	-1.634870e-02
419           	5.913584e-01	2.142726e-01	3.770858e-01	-3.562405e-01	-1.581468e-01	-1.980937e-01	1.997349e-02	-8.140660e-02	1.536627e-02	-2.710470e-03	1.401103e-02	-1.672150e-02
420           	5.918809e-01	2.144712e-01	3.774097e-01	-3.546466e-01	-1.578298e-01	-1.968168e-01	1.949349e-02	-8.146924e-02	1.571654e-02	-2.850680e-03	1.429120e-02	-1.714188e-02
421           	5.922218e-01	2.145671e-01	3.776547e-01	-3.527796e-01	-1.574874e-01	-1.952922e-01	1.890241e-02	-8.154383e-02	1.616515e-02	-2.832760e-03	1.474877e-02	-1.758153e-02
422           	5.923997e-01	2.145934e-01	3.778063e-01	-3.506666e-01	-1.571409e-01	-1.935258e-01	1.819244e-02	-8.160645e-02	1.656238e-02	-2.792042e-03	1.516635e-02	-1.795840e-02
423           	5.923488e-01	2.145837e-01	3.777651e-01	-3.485923e-01	-1.567811e-01	-1.918112e-01	1.751507e-02	-8.159070e-02	1.682781e-02	-2.681973e-03	1.548682e-02	-1.816879e-02
424           	5.921240e-01	2.145766e-01	3.775474e-01	-3.469033e-01	-1.565472e-01	-1.903561e-01	1.690447e-02	-8.148542e-02	1.693027e-02	-2.528994e-03	1.566578e-02	-1.819477e-02
425           	5.916631e-01	2.145809e-01	3.770823e-01	-3.459985e-01	-1.566678e-01	-1.893307e-01	1.633144e-02	-8.125072e-02	1.694302e-02	-2.277370e-03	1.580434e-02	-1.808171e-02
426           	5.910294e-01	2.146072e-01	3.764222e-01	-3.461433e-01	-1.574949e-01	-1.886484e-01	1.557674e-02	-8.090751e-02	1.687536e-02	-1.998117e-03	1.587630e-02	-1.787442e-02
427           	5.902179e-01	2.146326e-01	3.755853e-01	-3.473251e-01	-1.592379e-01	-1.880872e-01	1.442464e-02	-8.047633e-02	1.673499e-02	-1.557316e-03	1.595633e-02	-1.751365e-02
428           	5.894697e-01	2.147353e-01	3.747344e-01	-3.494097e-01	-1.619166e-01	-1.874931e-01	1.278828e-02	-7.999956e-02	1.659014e-02	-9.229433e-04	1.612867e-02	-1.705161e-02
429           	5.888492e-01	2.149337e-01	3.739154e-01	-3.522902e-01	-1.652196e-01	-1.870706e-01	1.092550e-02	-7.949084e-02	1.650744e-02	-1.233102e-05	1.650128e-02	-1.651361e-02
430           	5.883862e-01	2.152446e-01	3.731416e-01	-3.558947e-01	-1.688879e-01	-1.870069e-01	9.059488e-03	-7.894850e-02	1.646096e-02	9.860977e-04	1.695401e-02	-1.596791e-02
431           	5.879334e-01	2.155541e-01	3.723794e-01	-3.597548e-01	-1.724806e-01	-1.872742e-01	7.396839e-03	-7.841264e-02	1.645953e-02	2.020130e-03	1.746959e-02	-1.544946e-02
432           	5.875466e-01	2.158007e-01	3.717458e-01	-3.632894e-01	-1.758034e-01	-1.874860e-01	5.841338e-03	-7.797257e-02	1.650141e-02	3.012215e-03	1.800752e-02	-1.499530e-02
433           	5.871624e-01	2.159197e-01	3.712427e-01	-3.660376e-01	-1.783146e-01	-1.877229e-01	4.704148e-03	-7.766153e-02	1.652480e-02	3.972536e-03	1.851107e-02	-1.453853e-02
434           	5.868955e-01	2.159987e-01	3.708968e-01	-3.678948e-01	-1.797135e-01	-1.881813e-01	4.233886e-03	-7.744907e-02	1.643032e-02	4.664543e-03	1.876259e-02	-1.409805e-02
435           	5.869399e-01	2.162145e-01	3.707254e-01	-3.690260e-01	-1.798372e-01	-1.891888e-01	4.675787e-03	-7.725547e-02	1.612433e-02	4.913244e-03	1.858096e-02	-1.366771e-02
436           	5.874242e-01	2.166025e-01	3.708216e-01	-3.697743e-01	-1.789050e-01	-1.908693e-01	5.982107e-03	-7.710956e-02	1.570851e-02	4.775282e-03	1.809615e-02	-1.332087e-02
437           	5.881762e-01	2.171083e-01	3.710679e-01	-3.701554e-01	-1.771093e-01	-1.930461e-01	7.968424e-03	-7.697979e-02	1.526592e-02	4.451286e-03	1.749156e-02	-1.304027e-02
438           	5.891177e-01	2.176990e-01	3.714186e-01	-3.705701e-01	-1.748741e-01	-1.956960e-01	1.041093e-02	-7.685982e-02	1.480084e-02	3.865511e-03	1.673359e-02	-1.286808e-02
439           	5.901237e-01	2.183406e-01	3.717831e-01	-3.711725e-01	-1.723787e-01	-1.987938e-01	1.320754e-02	-7.672121e-02	1.431782e-02	3.072799e-03	1.585422e-02	-1.278142e-02
440           	5.912656e-01	2.190613e-01	3.722043e-01	-3.720991e-01	-1.698638e-01	-2.022353e-01	1.618578e-02	-7.657153e-02	1.385966e-02	2.087128e-03	1.490323e-02	-1.281610e-02
441           	5.924095e-01	2.198017e-01	3.726077e-01	-3.729575e-01	-1.673379e-01	-2.056196e-01	1.914083e-02	-7.640300e-02	1.352791e-02	1.146852e-03	1.410134e-02	-1.295448e-02
442           	5.934658e-01	2.204824e-01	3.729834e-01	-3.735106e-01	-1.649799e-01	-2.085308e-01	2.177547e-02	-7.625048e-02	1.338237e-02	2.840338e-04	1.352439e-02	-1.324036e-02
443           	5.944249e-01	2.210461e-01	3.733788e-01	-3.734709e-01	-1.628459e-01	-2.106251e-01	2.388960e-02	-7.616638e-02	1.346897e-02	-3.258583e-04	1.330604e-02	-1.363190e-02
444           	5.953585e-01	2.215120e-01	3.738465e-01	-3.730221e-01	-1.611488e-01	-2.118733e-01	2.536223e-02	-7.616726e-02	1.365817e-02	-8.451811e-04	1.323558e-02	-1.408076e-02
445           	5.962396e-01	2.219297e-01	3.743099e-01	-3.720487e-01	-1.597677e-01	-2.122810e-01	2.625666e-02	-7.619013e-02	1.380799e-02	-1.321330e-03	1.314732e-02	-1.446865e-02
446           	5.970270e-01	2.223532e-01	3.746738e-01	-3.707243e-01	-1.586418e-01	-2.120825e-01	2.672035e-02	-7.616032e-02	1.384419e-02	-1.907306e-03	1.289053e-02	-1.479784e-02
447           	5.976470e-01	2.227544e-01	3.748926e-01	-3.689966e-01	-1.577130e-01	-2.112835e-01	2.678526e-02	-7.606914e-02	1.378770e-02	-2.531702e-03	1.252185e-02	-1.505355e-02
448           	5.980433e-01	2.230638e-01	3.749795e-01	-3.669823e-01	-1.570303e-01	-2.099520e-01	2.646081e-02	-7.595787e-02	1.365076e-02	-3.304219e-03	1.199865e-02	-1.530287e-02
449           	5.981555e-01	2.232102e-01	3.749453e-01	-3.644529e-01	-1.565157e-01	-2.079372e-01	2.571071e-02	-7.586756e-02	1.345827e-02	-4.155106e-03	1.138071e-02	-1.553582e-02
450           	5.980489e-01	2.232080e-01	3.748409e-01	-3.615898e-01	-1.561209e-01	-2.054690e-01	2.467404e-02	-7.581641e-02	1.323410e-02	-5.085492e-03	1.069135e-02	-1.577685e-02
451           	5.977779e-01	2.230866e-01	3.746914e-01	-3.585419e-01	-1.557436e-01	-2.027983e-01	2.352731e-02	-7.580241e-02	1.299869e-02	-6.010746e-03	9.993319e-03	-1.600407e-02
452           	5.973989e-01	2.229050e-01	3.744938e-01	-3.556257e-01	-1.554470e-01	-2.001786e-01	2.236581e-02	-7.579440e-02	1.284097e-02	-6.866411e-03	9.407759e-03	-1.627417e-02
453           	5.969105e-01	2.226570e-01	3.742535e-01	-3.529736e-01	-1.553209e-01	-1.976528e-01	2.116596e-02	-7.579828e-02	1.286759e-02	-7.459546e-03	9.137815e-03	-1.659736e-02
454           	5.963968e-01	2.223652e-01	3.740316e-01	-3.505857e-01	-1.554734e-01	-1.951123e-01	1.981944e-02	-7.583324e-02	1.314302e-02	-7.763572e-03	9.261237e-03	-1.702481e-02
455           	5.959047e-01	2.220180e-01	3.738867e-01	-3.486022e-01	-1.560046e-01	-1.925977e-01	1.829654e-02	-7.593436e-02	1.361066e-02	-7.710982e-03	9.755165e-03	-1.746615e-02
456           	5.954887e-01	2.216723e-01	3.738164e-01	-3.471445e-01	-1.568407e-01	-1.903037e-01	1.673150e-02	-7.607204e-02	1.419094e-02	-7.437404e-03	1.047224e-02	-1.790965e-02
457           	5.951406e-01	2.213610e-01	3.737796e-01	-3.462235e-01	-1.578679e-01	-1.883556e-01	1.524383e-02	-7.620926e-02	1.483720e-02	-6.880984e-03	1.139671e-02	-1.827769e-02
458           	5.948642e-01	2.211167e-01	3.737475e-01	-3.458627e-01	-1.589883e-01	-1.868744e-01	1.394305e-02	-7.631541e-02	1.548972e-02	-6.185347e-03	1.239704e-02	-1.858239e-02
459           	5.945923e-01	2.208770e-01	3.737154e-01	-3.458684e-01	-1.602674e-01	-1.856010e-01	1.266681e-02	-7.641921e-02	1.611137e-02	-5.348206e-03	1.343727e-02	-1.878548e-02
460           	5.942981e-01	2.206275e-01	3.736706e-01	-3.461219e-01	-1.616949e-01	-1.844270e-01	1.136605e-02	-7.652154e-02	1.665887e-02	-4.489896e-03	1.441392e-02	-1.890382e-02
461           	5.939531e-01	2.203635e-01	3.735896e-01	-3.464384e-01	-1.631900e-01	-1.832484e-01	1.002921e-02	-7.661303e-02	1.707859e-02	-3.679309e-03	1.523894e-02	-1.891825e-02
462           	5.936057e-01	2.201299e-01	3.734758e-01	-3.469248e-01	-1.646178e-01	-1.823071e-01	8.844655e-03	-7.667294e-02	1.732356e-02	-3.029903e-03	1.580861e-02	-1.883851e-02
463           	5.932542e-01	2.199262e-01	3.733280e-01	-3.475348e-01	-1.658656e-01	-1.816692e-01	7.901794e-03	-7.670089e-02	1.742727e-02	-2.463770e-03	1.619538e-02	-1.865915e-02
464           	5.928271e-01	2.197189e-01	3.731082e-01	-3.482957e-01	-1.667945e-01	-1.815012e-01	7.353341e-03	-7.669469e-02	1.745157e-02	-1.978128e-03	1.646251e-02	-1.844063e-02
465           	5.922911e-01	2.194374e-01	3.728536e-01	-3.490348e-01	-1.674770e-01	-1.815578e-01	7.040439e-03	-7.670809e-02	1.749505e-02	-1.382682e-03	1.680371e-02	-1.818639e-02
466           	5.916467e-01	2.190576e-01	3.725891e-01	-3.498353e-01	-1.679443e-01	-1.818910e-01	6.973378e-03	-7.676572e-02	1.750621e-02	-7.925215e-04	1.710995e-02	-1.790247e-02
467           	5.909520e-01	2.186167e-01	3.723352e-01	-3.507816e-01	-1.683511e-01	-1.824305e-01	7.039680e-03	-7.685926e-02	1.746456e-02	-1.946953e-04	1.736721e-02	-1.756190e-02
468           	5.903027e-01	2.182111e-01	3.720916e-01	-3.520800e-01	-1.686986e-01	-1.833814e-01	7.341437e-03	-7.694023e-02	1.735575e-02	3.294520e-04	1.752047e-02	-1.719102e-02
469           	5.897811e-01	2.178857e-01	3.718954e-01	-3.536907e-01	-1.690358e-01	-1.846549e-01	7.809579e-03	-7.700483e-02	1.722735e-02	8.887734e-04	1.767174e-02	-1.678297e-02
470           	5.894350e-01	2.176308e-01	3.718042e-01	-3.556628e-01	-1.694409e-01	-1.862219e-01	8.390515e-03	-7.708670e-02	1.711512e-02	1.459816e-03	1.784503e-02	-1.638522e-02
471           	5.892215e-01	2.173813e-01	3.718401e-01	-3.577392e-01	-1.699735e-01	-1.877657e-01	8.896061e-03	-7.722941e-02	1.704412e-02	2.142406e-03	1.811532e-02	-1.597292e-02
472           	5.890792e-01	2.171095e-01	3.719697e-01	-3.597639e-01	-1.705671e-01	-1.891968e-01	9.314896e-03	-7.743013e-02	1.694164e-02	2.836980e-03	1.836013e-02	-1.552315e-02
473           	5.890519e-01	2.168662e-01	3.721857e-01	-3.616741e-01	-1.711097e-01	-1.905644e-01	9.727382e-03	-7.765975e-02	1.676154e-02	3.534702e-03	1.852889e-02	-1.499419e-02
474           	5.891567e-01	2.167028e-01	3.724539e-01	-3.635601e-01	-1.714897e-01	-1.920703e-01	1.029030e-02	-7.787553e-02	1.647577e-02	4.114932e-03	1.853324e-02	-1.441831e-02
475           	5.893643e-01	2.166242e-01	3.727401e-01	-3.653168e-01	-1.715404e-01	-1.937764e-01	1.111800e-02	-7.805794e-02	1.612615e-02	4.577745e-03	1.841502e-02	-1.383728e-02
476           	5.896098e-01	2.165821e-01	3.730278e-01	-3.667673e-01	-1.713091e-01	-1.954581e-01	1.207448e-02	-7.822285e-02	1.578356e-02	4.922721e-03	1.824493e-02	-1.332220e-02
477           	5.898506e-01	2.165271e-01	3.733235e-01	-3.677524e-01	-1.708445e-01	-1.969078e-01	1.303164e-02	-7.839818e-02	1.545600e-02	5.195942e-03	1.805397e-02	-1.285803e-02
478           	5.900734e-01	2.164423e-01	3.736311e-01	-3.682547e-01	-1.701753e-01	-1.980794e-01	1.395206e-02	-7.859444e-02	1.509988e-02	5.305761e-03	1.775276e-02	-1.244700e-02
479           	5.903423e-01	2.164174e-01	3.739249e-01	-3.683281e-01	-1.691940e-01	-1.991341e-01	1.497001e-02	-7.875375e-02	1.471910e-02	5.268457e-03	1.735333e-02	-1.208487e-02
480           	5.906354e-01	2.164738e-01	3.741615e-01	-3.681630e-01	-1.679681e-01	-2.001949e-01	1.611341e-02	-7.884383e-02	1.433757e-02	5.074813e-03	1.687498e-02	-1.180017e-02
481           	5.910073e-01	2.166352e-01	3.743721e-01	-3.678501e-01	-1.665898e-01	-2.012603e-01	1.733528e-02	-7.886844e-02	1.400524e-02	4.796349e-03	1.640341e-02	-1.160706e-02
482           	5.913924e-01	2.168327e-01	3.745597e-01	-3.674831e-01	-1.652908e-01	-2.021923e-01	1.845071e-02	-7.886351e-02	1.374639e-02	4.411228e-03	1.595201e-02	-1.154078e-02
483           	5.917721e-01	2.170643e-01	3.747078e-01	-3.670575e-01	-1.641493e-01	-2.029083e-01	1.937952e-02	-7.882173e-02	1.350643e-02	3.925110e-03	1.546898e-02	-1.154387e-02
484           	5.921329e-01	2.173384e-01	3.747945e-01	-3.667131e-01	-1.632117e-01	-2.035013e-01	2.014479e-02	-7.872803e-02	1.326528e-02	3.322678e-03	1.492662e-02	-1.160394e-02
485           	5.925491e-01	2.177111e-01	3.748380e-01	-3.665771e-01	-1.624523e-01	-2.041248e-01	2.083625e-02	-7.856347e-02	1.301641e-02	2.692733e-03	1.436278e-02	-1.167004e-02
486           	5.929950e-01	2.181507e-01	3.748443e-01	-3.667286e-01	-1.619069e-01	-2.048217e-01	2.145741e-02	-7.834681e-02	1.282510e-02	2.061000e-03	1.385560e-02	-1.179460e-02
487           	5.934682e-01	2.186398e-01	3.748284e-01	-3.669638e-01	-1.615359e-01	-2.054280e-01	2.194604e-02	-7.809432e-02	1.273153e-02	1.540754e-03	1.350191e-02	-1.196115e-02
488           	5.938849e-01	2.190875e-01	3.747974e-01	-3.670872e-01	-1.613111e-01	-2.057761e-01	2.223253e-02	-7.785497e-02	1.275262e-02	1.101733e-03	1.330348e-02	-1.220175e-02
489           	5.943152e-01	2.195317e-01	3.747836e-01	-3.669625e-01	-1.611964e-01	-2.057661e-01	2.228482e-02	-7.762596e-02	1.277894e-02	6.731333e-04	1.311551e-02	-1.244238e-02
490           	5.947733e-01	2.199994e-01	3.747740e-01	-3.665943e-01	-1.610351e-01	-2.055592e-01	2.226207e-02	-7.738729e-02	1.278588e-02	1.544902e-04	1.286313e-02	-1.270864e-02
491           	5.952994e-01	2.205460e-01	3.747533e-01	-3.658980e-01	-1.606763e-01	-2.052217e-01	2.227266e-02	-7.710363e-02	1.276082e-02	-4.564276e-04	1.253261e-02	-1.298903e-02
492           	5.958471e-01	2.211287e-01	3.747184e-01	-3.649133e-01	-1.601321e-01	-2.047812e-01	2.232458e-02	-7.679485e-02	1.276237e-02	-1.132266e-03	1.219624e-02	-1.332850e-02
493           	5.964063e-01	2.217021e-01	3.747041e-01	-3.635784e-01	-1.595202e-01	-2.040582e-01	2.226898e-02	-7.650101e-02	1.280326e-02	-1.813850e-03	1.189633e-02	-1.371018e-02
494           	5.968553e-01	2.221854e-01	3.746699e-01	-3.618801e-01	-1.588915e-01	-2.029886e-01	2.204851e-02	-7.624221e-02	1.289176e-02	-2.538972e-03	1.162227e-02	-1.416124e-02
495           	5.971678e-01	2.225839e-01	3.745839e-01	-3.598563e-01	-1.582952e-01	-2.015611e-01	2.163292e-02	-7.599997e-02	1.297295e-02	-3.307105e-03	1.131940e-02	-1.462650e-02
496           	5.973227e-01	2.229107e-01	3.744120e-01	-3.577970e-01	-1.576765e-01	-2.001205e-01	2.122197e-02	-7.575064e-02	1.301777e-02	-4.157609e-03	1.093897e-02	-1.509658e-02
497           	5.973680e-01	2.231796e-01	3.741884e-01	-3.558091e-01	-1.571331e-01	-1.986760e-01	2.077143e-02	-7.550438e-02	1.305395e-02	-4.986214e-03	1.056084e-02	-1.554705e-02
498           	5.972079e-01	2.233141e-01	3.738938e-01	-3.538819e-01	-1.567251e-01	-1.971568e-01	2.021586e-02	-7.528988e-02	1.320182e-02	-5.661638e-03	1.037100e-02	-1.603264e-02
499           	5.968886e-01	2.233010e-01	3.735875e-01	-3.518654e-01	-1.565315e-01	-1.953339e-01	1.940118e-02	-7.514326e-02	1.347692e-02	-6.086887e-03	1.043348e-02	-1.652036e-02
500           	5.963806e-01	2.230888e-01	3.732919e-01	-3.498577e-01	-1.566095e-01	-1.932482e-01	1.831934e-02	-7.510154e-02	1.387473e-02	-6.246260e-03	1.075160e-02	-1.699786e-02
